2253
2195
2144
2205
2166
2166
2177
2190
2190
2881
2351
2328
2221
2105
1736
1146
1086
1084
1087
1089
1090
1087
1090
1087
1089
1086
1096
1086
1085
1088
1093
1089
1094
1097
1098
1196
1094
1094
1099
1112
1095
1093
1101
1094
1092
1093
1124
1092
1103
1091
1095
1098
1100
1116
1097
1098
1094
1096
1114
1088
1101
1100
1092
1101
1104
1098
1093
1102
1098
1172
1107
1094
1102
1098
1097
1093
1101
1104
1103
1101
1099
1096
1093
1106
1095
1088
1656
1103
1100
1102
1098
1095
1091
1063
1096
977
1400
1104
1106
1100
1100
1099
1097
1110
1097
1112
1093
1092
1091
1094
1097
1095
1100
1093
1096
1096
1094
1093
1090
1093
1096
1093
1097
1092
1098
1098
1096
1131
1008
1247
1119
1096
1103
1092
1101
1095
1097
1094
1093
1095
1095
1096
1093
1096
1662
1105
1093
1090
1096
1094
1098
1089
1093
1088
1219
1177
1340
1102
1093
1091
1091
1098
1102
1086
1097
1111
1093
1093
1096
1099
1099
1100
1098
1095
1096
1089
1099
1102
1098
1100
1094
1101
1092
1106
1101
1093
1094
1104
1104
1098
1175
1101
1103
1105
1099
1100
1096
1099
1095
1097
1096
1104
1098
1096
1099
1320
1110
1112
1092
1097
1099
1093
1102
1097
1097
1101
1100
1103
1100
1097
1101
1101
1107
1420
1871
1186
1095
1095
1101
1095
1099
1088
1095
1100
1099
1099
1096
1103
1105
1096
1104
1096
1104
1092
1091
1100
1100
1100
1094
1191
1116
1085
1094
1088
1100
1090
1105
1103
1109
1099
1089
1110
1097
1089
1099
1097
1098
1104
1098
1095
1097
1095
1090
1098
1094
1100
1090
1094
1102
1096
1093
1089
1103
1102
1093
1100
1101
1111
1098
1101
1097
1092
1093
1097
1101
1093
1094
1101
1100
1090
1097
1097
1098
1100
1094
1091
1094
1099
1091
1093
1100
1081
1098
1092
1091
1083
1088
1095
1087
1086
1087
1096
1099
1105
1090
1088
1087
1097
1099
1090
1095
1094
1093
1096
1105
1072
1104
1097
1105
1092
1099
1095
1099
954
1130
1089
1091
1101
1102
1095
1105
1092
1099
1098
1095
1100
1093
1093
1097
1093
1096
1098
1108
1091
1099
1094
1095
1106
1103
1092
1094
1099
1106
1098
1093
1104
1097
1097
1100
1100
1096
1104
1097
1096
1102
1092
1093
1117
1097
1096
1097
1096
1093
1102
1102
1102
1097
1393
1869
1499
1099
1096
1110
1101
1102
1098
1095
1101
1094
1095
1101
1089
1100
1097
1098
1106
1099
1103
1093
1091
1099
1097
1092
1094
1097
1098
1091
1097
1102
1093
1099
1099
1098
1099
1103
1097
1107
1095
1091
1097
1096
1095
1095
1095
1103
1097
1094
1099
1102
1097
1089
1096
1097
1102
1100
1099
1087
1100
1101
1097
1094
1096
1092
1093
1097
1100
1085
1090
1099
1095
1099
1084
1089
1088
1089
1088
1092
1092
1089
1089
1106
1098
1091
1096
1699
1360
1096
1097
1101
1101
1922
1121
1099
1101
1103
1093
1098
1106
1105
1113
1098
1101
1101
1097
1103
1096
1099
1082
1095
1101
1096
1099
1100
1101
1101
1099
1096
1096
1105
1093
1097
1098
1101
1102
1107
1105
1101
1097
1102
1099
1102
1085
1089
1089
1087
1088
1089
1098
1089
1089
1092
1097
1090
1076
1096
1090
1087
1077
1090
1086
1084
1088
1085
1092
1090
1107
1095
1095
1098
1099
1088
1099
1093
1087
1087
1090
1099
1085
1092
1100
1103
1084
1092
1088
1086
1099
1086
1097
1091
1103
1092
1091
1095
1092
1094
1100
1099
1092
1100
1095
1096
1095
1093
1094
1094
1107
1095
1094
1097
1096
1092
1100
1100
1096
1097
1101
1098
1102
1095
1105
1103
1098
1100
1094
1097
1096
1098
1094
1093
1099
1103
1098
1092
1095
1102
1102
1100
1095
1098
1101
1094
1123
1098
1096
1088
1099
1104
1103
1099
1098
1100
1106
1103
1092
1101
1095
1107
1098
1092
1095
1099
1103
1106
1089
1096
1104
1107
1103
1085
1093
1083
1101
1098
1091
1097
1085
1093
1090
1088
1097
1098
1101
1090
1083
1090
1080
1102
1091
1098
1092
1116
1104
1087
1091
1090
1104
1094
1088
1097
1085
1093
1097
1087
1090
1090
1086
1078
1105
1089
1087
1090
1103
1078
1093
1097
1097
1088
1085
1094
1079
1092
1092
1088
1098
1088
1083
1085
1099
1094
1087
1084
1080
1092
1087
1096
1092
1077
1093
1088
1086
1087
1095
1102
1092
1102
1086
1089
1086
1094
1101
1086
1098
1092
1089
1096
1092
1095
1089
1094
1097
1086
1095
1099
1088
1090
1097
1159
1190
1102
1090
1095
1096
1100
1100
1093
1101
1097
1094
1097
1093
1095
1098
1096
1096
1092
1095
1086
1083
1097
1093
1099
1101
1102
1170
1091
1092
1095
1092
1080
1086
1096
1095
1101
1094
1085
1087
1091
1093
1095
1095
1092
1089
1093
1086
1090
1097
1097
1093
1082
1074
1091
1093
1097
1094
1094
1090
1085
1093
1096
1098
1093
1088
1091
1097
1092
1107
1100
1101
1103
1088
1091
1102
1098
1099
1084
1085
1092
1092
1090
1094
1102
1091
1095
1087
1083
1086
1097
1113
1092
1086
1085
1091
1091
1091
1101
1090
1086
1093
1085
1095
1096
1095
1086
1082
1090
1083
1096
1109
1085
1088
1079
1089
1089
1086
1106
1087
1087
1087
1080
1098
1103
1090
1082
1092
1089
1087
1079
1104
1091
1089
1086
1074
1085
1088
1092
1088
1080
1088
1094
1086
1093
1094
1088
1096
1084
1082
1074
1092
1096
1085
1088
1086
1079
1081
1090
1097
1086
1083
1081
1080
1082
1081
1098
1095
1082
1087
1084
1092
1095
1088
1084
1075
1090
1094
1093
1124
1099
1088
1089
1092
1085
1088
1098
1087
1094
1083
1089
1090
1096
1096
1085
1091
1086
1099
1081
1092
1099
1093
1087
1088
1086
1084
1097
1091
1095
1096
1102
1093
1084
1089
1084
1084
1090
1088
1086
1092
1095
1083
1090
1078
1081
1086
1085
1103
1084
1083
1084
1087
1085
1090
1088
1083
1081
1083
1079
1088
1090
1096
1097
1099
1094
1088
1079
1097
1086
1058
1105
1091
1082
1087
1098
1092
1091
1080
1088
1096
1091
1100
1090
1084
1087
1089
1088
1089
1094
1092
1085
1094
1091
1079
1088
1093
1087
1090
1083
1079
1084
1090
1093
1088
1083
1082
1081
1082
1094
1086
1089
1096
1082
1082
1090
1096
1089
1080
1094
1096
1093
1089
1095
1088
1088
1080
1080
1085
1090
1093
1142
1148
1085
1089
1089
1100
1088
1097
1083
1091
1087
1089
1104
1088
1079
1075
1086
1079
1085
1093
1088
1084
1084
1082
1080
1087
1088
1084
1081
1085
1084
1092
1098
1092
1086
1086
1090
1081
1079
1092
1090
1085
1086
1078
1081
1085
1097
1081
1097
1094
1090
1091
1092
1095
1085
1092
1097
1084
1086
1086
1095
1092
1087
1090
1084
1082
1097
1092
1088
1087
1083
1084
1090
1091
1085
1083
1092
1079
1090
1084
1096
1084
1087
1089
1086
1081
1089
1095
1091
1087
1086
1080
1077
1086
1095
1085
1085
1088
1092
1089
1100
1092
1084
1081
1088
1078
1083
1089
1101
1098
1087
1092
1090
1088
1096
1092
1088
1081
1081
1088
1093
1093
1092
1083
1098
1098
1101
1092
1095
1089
1087
1093
1095
1091
1093
1097
1089
1086
1094
1087
1100
1095
1103
1098
1086
1100
1095
1090
1092
1094
1097
1093
1089
1096
1078
1090
1087
1104
1089
1089
1096
1101
1102
1084
1090
1090
1081
1097
1089
1096
1091
1087
1102
1090
1106
1090
1105
1089
1090
1089
1085
1095
1101
1088
1098
1088
1089
1087
1092
1098
1096
1091
1089
1091
1081
1101
1091
1093
1086
1080
1084
1082
1094
1094
1090
1088
1080
1093
1080
1090
1091
1087
1088
1087
1082
1081
1095
1088
1095
1083
1091
1082
1091
1094
1084
1083
1080
1093
1088
1092
1094
1088
1088
1082
1080
1086
1083
1098
1088
1044
1086
1078
1085
1099
1104
1089
1081
1077
1086
1086
1094
1090
1082
1086
1082
1087
1082
1096
1087
1094
1097
1090
1084
1090
1104
1089
1093
1096
1081
1086
1088
1103
1091
1093
1082
1096
1095
1097
1099
1092
1081
1096
1093
1089
958
1829
1791
1792
1785
1105
1520
1943
1160
1107
1109
1101
1104
1101
1105
1107
1102
1103
1104
1102
1103
1101
951
1528
1110
1085
1097
1096
1094
1084
1096
1096
1103
1093
1094
1092
1095
1104
1108
1093
1089
1094
1087
1096
1098
1092
1089
1092
1102
1091
1095
1093
1089
1090
1094
1088
1088
1098
1101
1102
1089
1090
1096
1088
1105
1096
1092
1097
1089
1093
1100
1097
1104
1099
1085
1087
1098
1100
1111
1095
1094
1082
1092
1093
1100
1105
1090
1094
1094
1087
1097
1111
1098
1086
1090
1095
1074
1091
1103
1097
1086
1089
1085
1088
1098
1105
1091
1088
1088
1087
1096
1093
1096
1096
1096
1094
1084
1085
1101
1098
1091
1091
1084
1096
1084
1097
1102
1100
1101
1095
1093
1104
1098
1099
1093
1102
1104
1102
1108
1106
1099
1214
1691
1105
1112
1106
1099
1107
1099
1108
1109
1106
1100
1108
1104
1103
1112
1107
1105
1110
1109
1103
1106
1092
1325
1103
1113
1101
1110
1102
1102
1103
1100
1111
1105
1086
1100
1087
1098
1100
1104
1096
1089
1099
1101
1094
1140
1117
1097
1108
1102
1109
1107
1098
1108
1104
1097
1101
1099
1100
1194
1612
1102
1104
1104
1102
1100
1102
1175
1105
1109
1100
1110
1104
1099
1102
1101
1100
1100
1100
1091
1100
1101
1106
1102
1099
1101
1093
1107
1102
1105
1101
1103
1097
1104
1104
1095
1101
1105
1179
1882
1115
1085
1114
1149
1105
1100
1104
1106
1108
1107
1103
1111
1108
1103
1113
1103
1107
1102
1107
1097
1104
1106
1107
1104
1105
1101
1110
1098
1108
1102
1101
1103
1103
1107
1107
1112
1101
1103
1107
1105
1101
1109
1098
1105
1113
1098
1102
1095
1108
1101
1093
1103
1099
1095
1099
1093
1093
1096
1099
1099
1092
1096
1101
1094
1095
1137
1131
1146
1106
1105
1103
1104
1094
1104
1100
1107
1108
1096
1104
1101
979
1103
1104
1097
1109
1108
1103
1101
1084
1106
1101
1103
1107
1097
1104
1105
1102
1103
1106
1108
1103
1108
1107
1104
1096
1105
1098
1101
1088
1093
1087
1093
1096
1091
1100
1088
1093
1087
1101
1101
1089
1091
1089
1092
1092
1089
1101
1088
1086
1096
1092
1088
1093
1106
1095
1094
1090
1093
1099
1105
1097
1099
1089
1094
1086
1092
1102
1102
1097
1087
1089
1092
1092
1094
1088
1083
1096
1085
1093
1096
1106
1096
1084
1094
1087
1092
1099
1097
1089
1088
1089
1085
1081
1099
1093
1095
1086
1087
1086
1080
1105
1097
1097
1086
1094
1086
1096
1102
1086
1097
1090
1096
1090
1096
1102
1086
1094
1094
1093
1088
1094
1105
1092
1095
1093
1085
1087
1094
1097
1098
1096
1087
1082
1082
1099
1096
1089
1093
1095
1087
1088
1095
1094
1086
1094
1091
1087
1085
1099
1091
1099
1093
1096
1077
1087
1097
1085
1094
1093
1088
1090
1097
1106
1099
1094
1097
1101
1102
1099
1092
1099
1146
1101
1100
1101
1095
1106
1107
1107
1101
1094
1102
1107
1103
1096
1098
1104
1093
1103
1096
1106
1096
1092
1094
1096
1108
1095
1093
1094
1086
1096
1098
1103
1093
1093
1091
1087
1090
1096
1102
1092
1093
1085
1087
1087
1097
1096
1090
1095
1090
1090
1088
1095
1108
1092
1096
1093
1084
1085
1098
1096
1091
1089
1091
1093
1089
1117
1103
1098
1092
1090
1088
1093
1097
1097
1091
1087
1089
1093
1100
1102
1094
1096
1093
1089
1096
1098
1095
1088
1090
1089
1094
1094
1104
1099
1096
1098
1106
1137
1095
1096
1098
1093
1093
1097
1092
1095
1091
1103
1090
1092
1100
1091
1096
1098
1104
1098
1087
1086
1088
1106
1100
1098
1090
1091
1088
1085
1102
1090
1096
1086
1087
1092
1095
1094
1098
1099
1092
1091
1086
1097
1094
1096
1100
1094
1091
1086
1100
1104
1103
1095
1091
1100
1094
1115
1100
1096
1085
1084
1106
1094
1100
1097
1090
1098
1087
1092
1094
1096
1095
1090
1091
1091
1092
1090
1103
1093
1090
1093
1087
1092
1093
1102
1088
1094
1088
1089
1092
1102
1096
1091
1081
1090
1091
1106
1109
1090
1087
1103
1099
1093
1084
1103
1106
1094
1102
1101
1100
1098
1103
1096
1086
1092
1099
1093
1091
1094
1090
1098
1094
1094
1097
1092
1091
1093
1097
1083
1100
1093
1102
1098
1093
1093
1090
1098
1098
1109
1091
1092
1091
1094
1096
1102
1103
1088
1089
1099
1094
1087
1091
1102
1105
1093
1080
1096
1092
1105
1099
1094
1087
1088
1083
1091
1095
1089
1097
1090
1095
1087
1095
1093
1094
1089
1093
1094
1092
1096
1103
1089
1090
1089
1086
1088
1098
1100
1088
1086
1082
1092
1090
1102
1095
1087
1094
1088
1088
1092
1102
1111
1087
1093
1084
1086
1090
1097
1092
1092
1089
1092
1085
1088
1100
1090
1095
1098
1088
1088
1093
1098
1101
1090
1093
1091
1092
1100
1095
1097
1103
1102
1099
1097
1106
1095
1100
1092
1091
1090
1096
1096
1086
1091
1085
1087
1091
1088
1097
1088
1083
1090
1090
1087
1099
1100
1086
1091
1091
1083
1085
1095
1102
1092
1088
1082
1089
1087
1096
1086
1087
1068
1100
1087
1097
1100
1093
1091
1084
1090
1084
1089
1099
1093
1085
1087
1093
1087
1091
1099
1084
1085
1097
1091
1089
1094
1102
1094
1085
1092
1087
1090
1094
1096
1086
1093
1089
1084
1089
1100
1094
1093
1090
1086
1092
1102
1101
1099
1105
1106
1101
1091
1106
1101
1106
1103
1107
1094
1101
1095
1093
1099
1103
1108
1100
1102
1102
1104
1094
1111
1108
1094
1106
1103
1097
1101
1105
1102
1094
1099
1102
1098
1107
1102
1099
1108
1094
1105
1102
1110
1093
1103
1104
1102
1106
1107
1105
1103
1098
1102
1108
1104
1103
1101
1097
1100
1098
1100
1105
1106
1096
1098
1090
1105
1094
1104
1099
1095
1097
1087
1102
1102
1104
1099
1087
1094
1091
1101
1095
1103
1096
1092
1083
1091
1096
1091
1098
1088
1092
1082
1095
1106
1087
1092
1087
1094
1094
1099
1094
1092
1091
1089
1092
1091
1094
1100
1092
1087
1092
1087
1090
1101
1104
1099
1092
1086
1088
1091
1094
1096
1088
1083
1088
1091
1095
1089
1090
1097
1088
1087
1080
1098
1103
1088
1090
1091
1095
1085
1096
1090
1097
1099
1101
1095
1094
1100
1099
1101
1102
1087
1090
1088
1093
1097
1097
1094
1099
1094
1096
1104
1089
1098
1096
1088
1102
1097
1099
1088
1096
1091
1093
1090
1101
1093
1088
1091
1099
1093
1085
1100
1105
1097
1089
1097
1096
1094
1100
1093
1079
1091
1103
1088
1094
1098
1089
1101
1091
1099
1083
1104
1094
1088
1103
1092
1094
1090
1106
1091
1086
1092
1088
1085
1079
1093
1105
1091
1089
1089
1083
1082
1101
1097
1087
1084
1093
1090
1093
1096
1089
1089
1089
1086
1082
1090
1099
1080
1091
1085
1090
1087
1098
1103
1092
1093
1085
1094
1095
1089
1097
1084
1091
1084
1083
1092
1103
1100
1091
1086
1091
1083
1097
1101
1090
1084
1085
1083
1094
1095
1095
1094
1091
1089
1093
1083
1095
1097
1095
1083
1086
1094
1082
1095
1097
1085
1086
1093
1083
1086
1097
1093
1084
1097
1090
1089
1094
1101
1086
1107
1090
1096
1094
1088
1099
1101
1102
1089
1095
1089
1097
1108
1091
1094
1093
1087
1085
1089
1098
1093
1086
1081
1087
1088
1099
1093
1085
1076
1087
1093
1091
1100
1100
1102
1088
1094
1085
1091
1100
1099
1083
1087
1089
1083
1090
1098
1092
1085
1089
1089
1090
1098
1099
1102
1096
1095
1088
1083
1096
1105
1091
1091
1085
1084
1087
1100
1097
1095
1093
1085
1085
1093
1103
1091
1092
1089
1090
1079
1086
1101
1080
1097
1087
1084
1084
1086
1094
1089
1094
1083
1093
1088
1101
1098
1104
1076
1087
1090
1085
1096
1089
1087
1085
1092
1088
1081
1098
1103
1091
1084
1089
1089
1083
1094
1089
1100
1087
1093
1094
1090
1105
1092
1087
1089
1087
1090
1097
1113
1096
1087
1096
1090
1086
1101
1098
1096
1091
1087
1086
1083
1098
1093
1101
1087
1088
1086
1103
1098
1084
1085
1087
1088
1090
1091
1099
1088
1097
1093
1087
1088
1092
1095
1091
1080
1086
1084
1093
1100
1096
1100
1096
1088
1085
1088
1095
1094
1104
1093
1089
1082
1081
1104
1096
1094
1086
1085
1091
1089
1098
1094
1125
1106
1096
1102
1101
1098
1095
1091
1099
1093
1093
1081
1097
1105
1088
1103
1099
1097
1110
1098
1096
1094
1101
1092
1092
1091
1093
1101
1097
1097
1100
1114
1096
1102
1103
1105
1100
1108
1102
1096
1101
1107
1105
1103
1101
1108
1104
1094
1091
1081
1091
1087
1094
1094
1093
1088
1090
1095
1089
1098
1092
1101
1085
1095
1094
1088
1101
1085
1100
1089
1120
1095
1091
1099
1090
1092
1091
1088
1082
1088
1096
1091
1081
1082
1083
1083
1102
1101
1097
1090
1086
1086
1090
1098
1092
1099
1091
1087
1081
1092
1095
1093
1088
1088
1087
1084
1088
1098
1092
1093
1090
1087
1094
1092
1097
1094
1087
1092
1091
1087
1099
1095
1100
1095
1107
1098
1090
1102
1079
1101
1084
1100
1099
1091
1101
1096
1114
1094
1091
1093
1086
1099
1089
1089
1085
1085
1103
1367
1900
1954
1934
1951
1993
1123
1110
1104
1108
1103
1107
1110
1098
1101
1100
1104
1106
1108
1104
1122
1107
1109
1107
1107
1097
1096
1099
1104
1105
1105
1106
1105
1108
1104
1113
1103
1098
1103
1105
1106
1107
1107
1106
1500
2099
1119
1111
1109
1106
1103
1103
1100
1110
1106
1103
1103
1105
1106
1109
1108
1106
1102
1107
1107
1113
1103
1104
1104
1100
1107
1106
1102
1104
1105
1107
1106
1105
1099
1102
1107
1111
1113
1101
1106
1104
1106
1107
1107
1106
1104
1099
1103
1103
1107
1103
1101
1104
1101
1103
1103
1103
1087
1096
1103
1095
1100
1104
1106
1105
1095
1106
1111
1103
1105
1098
1100
1110
1102
1103
1102
1108
1101
1101
1094
1101
1107
1100
1089
1100
1106
1095
1108
1110
1105
1104
1098
1110
1101
1105
1102
1097
1104
1100
1103
1105
1099
1107
1106
1101
1106
1108
1108
1097
1103
1102
1097
1110
1100
1111
1095
1106
1101
1095
1109
1098
1093
1088
1086
1085
1098
1104
1098
1092
1092
1091
1090
1093
1101
1099
1101
1087
1097
1084
1095
1105
1088
1087
1091
1102
1098
1107
1095
1089
1092
1089
1082
1087
1105
1101
1095
1087
1100
1087
1089
1103
1095
1092
1091
1087
1092
1090
1097
1092
1085
1092
1089
1089
1100
1110
1104
1098
1088
1086
1094
1096
1099
1098
1091
1096
1082
1084
1099
1096
1096
1091
1089
1083
1090
1100
1095
1092
1097
1080
1086
1091
1105
1094
1096
1091
1095
1104
1097
1099
1106
1087
1102
1094
1092
1102
1089
1097
1099
1106
1100
1094
1101
1105
1100
1100
1100
1103
1100
1103
1102
1110
1101
1090
1100
1096
1102
1100
1097
1089
1086
1087
1103
1089
1090
1089
1087
1084
1096
1102
1104
1095
1095
1094
1216
1100
1097
1088
1105
1101
1110
1093
1101
1098
1095
1095
1083
1095
1093
1094
1103
1093
1091
1091
1098
1096
1096
1094
1093
1094
1090
1088
1083
1099
1097
1097
1089
1099
1095
1095
1097
1086
1097
1095
1100
1093
1103
1103
1098
1104
1091
1099
1097
1101
1109
1095
1088
1095
1092
1087
1106
1095
1089
1087
1096
1089
1090
1097
1094
1094
1091
1086
1090
1091
1097
1091
1087
1089
1092
1088
1095
1095
1089
1088
1098
1090
1094
1097
1099
1094
1096
1097
1090
1084
1098
1105
1097
1098
1088
1092
1084
1101
1099
1096
1094
1088
1090
1095
1100
1094
1087
1093
1094
1084
1095
1104
1092
1089
1088
1095
1088
1094
1100
1091
1083
1089
1089
1081
1103
1098
1094
1091
1087
1089
1090
1099
1093
1090
1091
1090
1092
1089
1105
1096
1088
1082
1095
1093
1097
1099
1087
1093
1093
1094
1087
1099
1104
1121
1119
1101
1096
1104
1099
1098
1092
1100
1104
1090
1100
1103
1095
1094
1092
1094
1087
1096
1105
1095
1097
1088
1090
1099
1094
1105
1090
1088
1104
1099
1100
1107
1098
1092
1091
1099
1098
1086
1106
1106
1089
1107
1095
1087
1093
1090
1101
1091
1094
1095
1092
1094
1098
1095
1094
1090
1092
1083
1093
1098
1089
1105
1079
1092
1092
1093
1096
1087
1093
1087
1104
1102
1099
1093
1088
1090
1086
1089
1086
1098
1090
1085
1090
1080
1090
1088
1102
1092
1092
1090
1087
1082
1085
1098
1100
1083
1077
1089
1092
1091
1088
1090
1081
1083
1081
1094
1098
1087
1087
1088
1093
1095
1088
1100
1094
1087
1097
1087
1087
1085
1096
1089
1089
1095
1091
1089
1085
1101
1099
1093
1088
1088
1088
1089
1099
1086
1107
1095
1090
1089
1098
1096
1086
1090
1092
1080
1089
1095
1102
1089
1105
1090
1092
1104
1099
1102
1095
1099
1095
1095
1102
1092
1086
1095
1092
1083
1085
1094
1097
1090
1090
1085
1086
1087
1101
1099
1092
1086
1089
1088
1076
1099
1096
1082
1086
1085
1086
1093
1095
1094
1087
1093
1085
1087
1096
1099
1089
1066
1093
1088
1090
1091
1099
1090
1092
1099
1087
1089
1094
1098
1099
1088
1087
1086
1084
1096
1086
1089
1094
1087
1093
1085
1098
1092
1091
1083
1085
1093
1086
1104
1094
1090
1098
1091
1092
1092
1092
1084
1087
1087
1113
1094
1098
1105
1095
1093
1091
1088
1084
1102
1083
1083
1090
1072
1089
1089
1098
1100
1085
1092
1091
1092
1098
1091
1103
1092
1087
1090
1088
1091
1091
1084
1084
1090
1092
1085
1100
1100
1093
1085
1084
1085
1080
1095
1096
1083
1097
1084
1094
1095
1100
1091
1084
1086
1088
1088
1087
1107
1094
1092
1083
1095
1098
1094
1103
1089
1088
1097
1085
1083
1099
1093
1088
1101
1093
1089
1081
1098
1097
1085
1089
1086
1085
1093
1101
1091
1079
1091
1080
1089
1082
1096
1086
1092
1078
1090
1085
1094
1098
1093
1086
1081
1088
1086
1093
1093
1087
1083
1090
1085
1088
1100
1094
1094
1083
1090
1092
1084
1099
1094
1087
1081
1091
1088
1088
1093
1089
1086
1085
1082
1087
1090
1095
1103
1103
1102
1089
1089
1094
1096
1089
1084
1090
1082
1088
1097
1088
1092
1085
1086
1084
1084
1098
1089
1088
1089
1085
1088
1084
1098
1089
1090
1086
1080
1086
1085
1089
1094
1090
1089
1082
1082
1092
1093
1087
1092
1090
1087
1085
1095
1093
1087
1097
1096
1095
1095
1103
1103
1093
1081
1089
1084
1089
1097
1094
1093
1093
1087
1086
1086
1104
1097
1097
1091
1084
1085
1091
1092
1093
1088
1085
1089
1082
1100
1096
1085
1093
1087
1088
1083
1090
1093
1079
1082
1082
1092
1089
1093
1096
1077
1084
1090
1086
1085
1096
1090
1089
1086
1085
1082
1089
1097
1086
1089
1084
1087
1093
1081
1098
1095
1083
1087
1083
1088
1091
1097
1084
1083
1092
1087
1095
1104
1099
1087
1089
1083
1086
1074
1097
1088
1083
1085
1088
1080
1085
1084
1086
1087
1085
1091
1082
1090
1087
1086
1087
1088
1082
1097
1087
1085
1078
1088
1086
1081
1078
1082
1073
1085
1093
1081
1080
1084
1092
1097
1085
1089
1083
1086
1079
1095
1095
1092
1092
1083
1087
1078
1096
1087
1085
1089
1086
1078
1090
1096
1085
1089
1080
1086
1086
1083
1097
1084
1095
1090
1087
1082
1089
1101
1088
1082
1075
1084
1094
1091
1094
1099
1090
1089
1080
1090
1083
1086
1089
1081
1089
1092
1093
1089
1093
1090
1089
1090
1087
1084
1113
1097
1095
1098
1092
1088
1100
1091
1080
1091
1084
1079
1088
1091
1087
1090
1080
1088
1084
1081
1097
1089
1095
1090
1086
1085
1131
1095
1087
1088
1087
1089
1078
1096
1104
1087
1090
1081
1091
1082
1099
1094
1091
1087
1087
1088
1085
1089
1092
1102
1088
1081
1082
1086
1100
1090
1082
1086
1091
1082
1088
1102
1082
1097
1090
1088
1083
1082
1102
1095
1083
1083
1086
1088
1097
1097
1089
1085
1082
1086
1600
1101
1104
1086
1084
1081
1077
1079
1099
1097
1089
1085
1078
1082
1081
1096
1098
1087
1084
1088
1083
1087
1089
1094
1090
1086
1083
1084
1090
1101
1083
1079
1086
1086
1082
1096
1084
1080
1086
1082
1077
1089
1089
1092
1088
1092
1090
1081
1081
1094
1095
1081
1084
1094
1083
1081
1095
1082
1089
1087
1091
1081
1083
1095
1091
1089
1085
1082
1101
1099
1100
1090
1084
1082
1084
1080
1091
1092
1097
1086
1088
1090
1088
1094
1085
1088
1083
1081
1086
1085
1095
1076
1081
1091
1092
1083
1084
1094
1087
1093
1090
1079
1079
1083
1095
1094
1084
1076
1083
1084
1092
1079
1086
1089
1093
1082
1083
1096
1095
1087
1087
1090
1096
1088
1606
1101
1091
1083
1083
1084
1085
1095
1084
1084
1087
1097
1084
1085
1100
1084
1085
1083
1082
1097
1095
1091
1088
1089
1088
1089
1099
1097
1094
1080
1086
1083
1090
1088
1097
1086
1096
1083
1089
1084
1084
1091
1087
1098
1089
1078
1091
1093
1102
1087
1095
1085
1088
1085
1099
1089
1097
1099
1085
1081
1078
1093
1097
1092
1094
1079
1086
1088
1099
1092
1090
1091
1087
1082
1088
1089
1089
1091
1079
1083
1084
1093
1098
1085
1088
1087
1083
1083
1093
1092
1086
1083
1086
1077
1073
1089
1095
1098
1088
1084
1080
1083
1108
1091
1082
1077
1087
1085
1084
1092
1083
1092
1086
1086
1079
1088
1097
1088
1086
1088
1080
1086
1088
1104
1088
1078
1094
1084
1085
1089
1080
1089
1087
1083
1090
1082
1088
1091
1092
1088
1077
1080
1090
1091
1048
1095
1086
1091
1084
1085
1093
1089
1086
1084
1081
1079
1088
1099
1093
1092
1080
1075
1085
1095
1100
1085
1092
1079
1086
1099
1102
1088
1084
1097
1089
1090
1089
1093
1096
1099
1081
1090
1091
1096
1094
1090
1091
1095
1101
1088
1091
1096
1096
1100
1100
1102
1092
1101
1098
1097
1093
1094
1098
1095
1094
1104
1097
1099
1100
1096
1094
1096
1096
1099
1032
1106
1098
1112
1101
1095
1254
1095
1106
1104
1096
1099
1262
1102
1101
1101
1098
1101
1092
948
1098
1116
1109
1117
1102
1095
1268
1112
1105
1104
1112
1110
1247
1103
1105
1089
1123
1105
1092
1225
1098
1101
1098
1121
1106
1098
1266
1107
1105
1109
1107
1107
1259
1096
1099
1105
1119
1096
1104
1078
1751
1092
1099
1100
1098
1104
1104
1107
1108
1103
1102
1107
1106
1098
1108
1101
1114
1103
1107
1096
1109
1111
1119
1101
1109
1113
1093
1108
1107
1111
1110
1101
1103
1099
1110
1108
1113
1111
1104
1105
1116
1102
1100
1109
1089
1110
1118
1107
1108
1119
1105
1112
1115
1095
1104
1111
1127
1110
1110
1111
1107
1101
1109
1105
1096
1106
1104
1104
1100
1107
1103
1106
1105
1102
1102
1099
1114
1104
1115
1103
1106
1100
1103
1113
1103
1098
1103
1096
1094
1099
1106
1099
1069
1245
1100
1094
1115
1093
1087
1097
1097
1098
1101
1102
1106
1104
1103
1098
1100
1108
1108
1104
1113
1101
1108
1117
1116
1105
1116
1102
1111
1114
1104
1115
1129
1108
1118
1104
1125
1096
1122
1113
1089
1093
1106
1108
1115
1115
1099
1098
1104
1106
1110
1115
1100
1105
1104
1105
1100
1123
1108
1106
1114
1103
1113
1116
1107
1118
1106
1111
1107
1124
1120
1115
1117
1114
1103
1106
1117
1089
1104
1098
1109
1116
1110
1099
1098
1111
1099
1097
1115
1102
1101
1119
1103
1108
1099
1096
1103
1100
1129
1100
1240
1538
1107
1110
1131
1108
1098
1103
1105
1103
1101
1099
1104
1100
1106
1098
1115
1101
1110
1107
1115
1092
1105
1105
1107
1105
1114
1101
1103
1115
1100
1115
1112
1100
1095
1125
1112
1094
1112
1116
1099
1104
1130
1107
1100
1122
1106
1111
1112
1102
1114
1129
1101
1107
1171
1838
1846
1845
1585
1105
1100
1109
1115
1099
1110
1324
1133
1105
1126
1320
1108
1300
1123
1120
1113
1339
1126
1114
1271
1103
1122
1103
1282
1100
1272
1102
1103
1100
1296
1121
1190
1105
1103
1107
1271
1110
1110
1272
1099
1105
996
1211
1110
1099
1266
1102
1098
1093
1282
1097
1292
1096
1097
1094
1327
1114
1256
1119
1111
1112
1013
1122
976
1149
1113
1105
1112
1330
1091
1263
1111
1091
1100
1344
1113
1004
1158
1129
1118
1072
1283
1100
1267
1092
1110
1113
1322
1125
1266
1129
1094
1097
1103
1125
1100
1246
1109
1113
1080
1070
1130
952
1116
1113
1105
1054
1323
1108
1266
1085
1094
1108
1330
1110
1261
1097
1091
1094
1091
1097
1053
1217
1097
1098
1102
1092
1088
977
1141
1097
1092
1094
1090
1093
1262
1094
1097
1107
1092
1096
1099
1271
1093
1090
1100
1100
1095
1251
1096
1093
1093
1097
1095
1094
1093
1100
1104
1116
1102
1101
1103
1281
1097
1103
1112
1097
1099
1274
1116
1103
1100
1103
1097
1100
1259
1096
1098
1094
1097
1097
1095
1258
1097
1095
1097
1095
1100
1027
1108
1102
1105
1082
1127
1106
1304
1102
1106
1103
1103
1093
1156
1098
1098
1100
1110
1106
1101
1272
1090
1103
1103
1093
1104
1113
1267
1092
1105
1111
1113
1100
1116
1104
1101
1116
1085
1109
1115
1267
1099
1096
1110
1113
1104
1235
1106
1108
1102
1103
1099
1097
1072
1099
1100
1097
1091
1096
1096
1263
1101
1100
1099
1091
1094
959
1103
1099
1103
1095
1096
1095
1259
1098
1103
1098
1093
1101
1102
1255
1106
1095
1090
1089
1099
1081
1241
1107
1099
1104
1093
1094
1255
1098
1098
1098
1091
1094
1091
1266
1094
1086
1092
1085
1100
1090
1315
1118
1094
1111
1143
1039
1648
1093
1111
1125
1116
1105
1807
1121
1129
1122
1096
1114
1119
1470
1763
1246
1159
1114
1078
1331
1107
1131
1101
1135
1123
963
1123
1103
1115
1101
1089
1103
1732
1622
1097
1150
1168
1298
1151
1143
1141
1178
1112
1302
1142
1135
1104
1109
1224
1136
1317
1099
1163
1168
1141
1144
1321
1177
1173
1109
1105
1175
987
1145
1118
1131
1125
1141
1033
1278
1123
1129
1100
1101
1128
1628
1134
1131
1118
1123
1200
1426
1135
1103
1122
1123
1154
1268
1181
1103
1121
1133
1111
1121
1133
1109
1123
1117
1141
1103
990
1473
1101
1137
1112
1108
1175
1930
1886
1521
1111
1110
1790
1370
1108
1109
1117
1114
1338
1836
1119
1111
1116
1108
1635
1516
1114
1113
1107
1068
1900
1225
1111
1113
1113
1062
2078
1111
1105
1111
1110
1286
1866
1117
1112
1113
1107
1678
1838
1109
1111
1113
1106
1561
1873
1115
1111
1107
1137
1105
1111
1110
1116
1112
1120
1185
1106
1106
1100
1115
1106
1109
1166
1112
1111
1119
1109
1103
1111
1168
1125
1108
1099
1110
1105
1097
1104
1109
1103
1103
1110
1107
1099
1111
1104
1112
1114
1105
1104
1109
1106
1105
1111
1110
1105
1157
1099
1106
1108
1108
1106
1104
1108
1100
1111
1104
1100
1125
1108
1107
1110
1109
1098
1128
1111
1111
1114
1103
1111
1107
1111
1100
1111
1103
1102
1102
1106
1104
1105
1109
1104
1103
1105
1108
1104
1108
1098
1104
1101
1107
1106
1110
1104
1101
1103
1109
1107
1106
1097
1101
1116
1100
1103
1101
1095
1121
1108
1109
1098
1102
1113
1103
1105
1102
1107
1100
1099
1100
1097
1108
1112
1100
1101
1101
1102
1110
1108
1103
1107
1101
1079
1106
1102
1106
1107
1100
1104
1105
1101
1096
1088
1112
1099
1121
1099
1109
1107
1184
1145
1101
1131
1106
1104
1107
1105
1100
1103
1143
1107
1257
1600
1722
1111
1138
1108
1062
1203
1098
1112
1136
1106
919
1483
1097
1099
1124
1105
1105
1723
1088
1099
1084
1138
1098
1628
1109
1117
1109
1109
1109
970
1106
1115
1103
1105
1098
1098
1220
1108
1101
1106
1097
1107
1106
1229
1093
1078
1104
1102
1091
1115
1190
1102
1110
1108
1102
1092
1106
1102
1104
1101
1098
1098
1120
1102
1106
1108
1111
1111
1100
1100
1100
1102
1099
1099
1100
1111
1107
1109
1103
1098
1100
1102
1105
1099
1672
1832
1839
1841
1935
1114
1100
1114
1112
1111
1107
1102
1108
1109
1111
1103
1110
1114
1103
1100
1111
1100
1144
1106
1102
1104
1102
1104
1119
1100
1108
1109
1101
1113
1121
1108
1101
1107
1105
1103
1120
1095
1112
1105
1103
1103
1094
1126
1102
1095
1104
1104
1105
1104
1119
1097
1103
1100
1107
1108
1241
1319
1101
1098
1096
1104
1105
1105
1105
1102
1103
1099
1099
1109
1099
1100
1100
1095
1099
1103
1105
1105
1097
1102
1098
1096
1096
1102
1103
1096
1101
1097
1096
1103
1105
1106
1106
1104
1098
1102
1097
1102
1096
1101
1102
1117
1102
1100
1108
1097
1095
1094
1101
1096
1105
1102
1098
1095
1093
1100
1093
1113
1101
1104
1108
1098
1093
1096
1106
1096
1090
1102
1097
1084
1103
1097
1099
1092
1094
1095
1096
1108
1100
1094
1224
2105
1108
1103
1101
1101
1100
1098
1103
1104
1105
1106
1108
1106
1113
1101
1098
1103
1106
1103
1095
1104
1100
1099
1101
1094
1104
1097
1091
1095
1095
1096
1105
1100
1102
1093
1104
1105
1100
1107
1089
1103
1097
1088
1099
1098
1101
1092
1106
1102
1103
1096
1104
1102
1101
1095
1102
1103
1106
1100
1100
1095
1101
1096
1102
1096
1101
1092
1093
1102
1100
1100
1095
1103
1098
1097
1098
1100
1100
1104
1098
1101
1093
1102
1109
1092
1102
1097
1094
1097
1095
1098
1096
1096
1108
1101
1111
1089
1102
1096
1099
1097
1092
1096
1103
1100
1098
1103
1098
1093
1093
1110
1105
1099
1098
1097
1097
1096
1097
1092
1091
1100
1093
1092
1103
1100
1103
1095
1097
1089
1088
1098
1103
1101
1095
1098
1097
1090
1097
1099
1105
1096
1105
1100
1093
1105
1098
1096
1095
1086
1095
1095
1101
1105
1098
1096
1096
1094
1096
1101
1095
1096
1087
1093
1093
1107
1107
1095
1095
1105
1095
1105
1094
1092
1093
1097
1094
1098
1089
1103
1097
1094
1100
1102
1085
1097
1109
1094
1105
1100
1097
1096
1099
1100
1099
1098
1099
1094
1094
1098
1100
1100
1092
1089
1095
1094
1095
1101
1101
1097
1094
1099
1094
1099
1100
1096
1095
1066
1108
1093
1097
1083
971
1848
1842
1833
1827
1847
1843
1855
1415
1115
1110
1109
1107
1107
1105
1101
1112
1109
1108
1105
1102
1113
1102
1105
1103
1107
1104
1104
1104
1099
1113
1105
1102
1106
1099
1100
1106
1103
1102
1103
1103
1103
1103
1103
1100
1107
1103
1103
1103
1096
1098
1095
1102
1104
1094
1102
1104
1104
1098
1100
1100
1103
1101
1096
1095
1106
1102
1101
1096
1115
1098
1108
1093
1101
1092
1095
1098
1090
1091
1102
1101
1100
1105
1093
1096
1102
1097
1097
1092
1093
1091
1089
1094
1106
1102
1097
1097
1094
1095
1098
1100
1101
1091
1094
1089
1098
1096
1103
1092
1104
1093
1095
1093
1098
1101
1085
1175
1100
1097
1093
1105
1098
1090
1097
1095
1094
1092
1098
1101
1104
1094
1097
1089
1095
1105
1094
1094
1098
1087
1092
1092
1102
1096
1098
1094
1096
1099
1103
1106
1107
1096
1102
1096
1104
1093
1098
1099
1096
1099
1096
1098
1100
1088
1092
1098
1092
1090
1091
1105
1099
1100
1102
1108
1098
1104
1100
1098
1094
1092
1085
1096
1093
1095
1099
1095
1085
1100
1108
1096
1096
1098
1092
1102
1099
1103
1106
1094
1086
1094
1087
1098
1090
1101
1093
1096
1111
1099
1093
1106
1093
1097
1102
1092
1096
1093
1100
1098
1101
1099
1098
1091
1092
1098
1093
1099
1095
1101
1095
1101
1104
1103
1104
1096
1107
1093
1103
1103
1128
1096
1093
1097
1095
1103
1100
1090
1094
1090
1095
1091
1093
1095
1099
1100
1095
1089
1091
1102
1090
1089
1099
1093
1094
1100
1092
1097
1100
1099
1096
1092
1103
1092
1085
1106
1101
1090
1090
1096
1097
1094
1093
1094
1098
1092
1105
1097
1089
1093
1095
1093
1094
1098
1090
1101
1091
1095
1092
1094
1100
1095
1097
1095
1090
1095
1099
1097
1097
1097
1096
1099
1093
1105
1098
1097
1094
1091
1089
1088
1100
1089
1097
1090
1092
1090
1097
1101
1098
1087
1089
1101
1096
1100
1103
1087
1091
1089
1098
1099
1103
1091
1098
1089
1102
1089
1100
1105
1094
1098
1093
1095
1100
1098
1102
1097
1104
1098
1097
1097
1101
1110
1420
1107
1103
1109
1112
1105
1109
1102
1099
1101
1104
1103
1102
1109
1107
1107
1096
1106
1116
1102
1103
1104
1104
1100
1109
1105
1103
1103
1104
1095
1097
1110
1106
1100
1093
1096
1093
1096
1100
1101
1104
1099
1099
1093
1093
1106
1094
1105
1096
1099
1096
1094
1102
1096
1098
1100
1097
1093
1095
1111
1099
1098
1097
1098
1089
1097
1095
1093
1094
1097
1093
1097
1090
1090
1103
1094
1102
1097
1102
1091
1097
1094
1096
1095
1104
1104
1097
1102
1094
1108
1107
1104
1099
1104
1102
1101
1097
1099
1100
1092
1097
1097
1091
1098
1098
1095
1102
1093
1097
1099
1097
1095
1100
1098
1102
1102
1093
1093
1096
1097
1111
1028
1096
1106
1110
1104
1101
1102
1107
1101
1105
1102
1100
1102
1099
1095
1103
1098
1101
1092
1100
1105
1098
1096
1104
1113
1103
1108
1098
1099
1099
1100
1097
1097
1112
1104
1103
1100
1093
1098
1105
1104
1093
1097
1091
1096
1101
1099
1100
1103
1098
1097
1095
1095
1109
1095
1094
1096
1101
1091
1098
1103
1098
1093
1092
1100
1093
1099
1102
1089
1099
1098
1095
1098
1099
1099
1099
1100
1101
1089
1103
1103
1092
1103
1107
1103
1105
1100
1097
1095
1107
1101
1100
1095
1101
1101
1091
1093
1095
1094
1099
1103
1099
1097
1090
1092
1098
1092
1103
1099
1098
1090
1097
1096
1102
1089
1102
1099
1102
1097
1100
1103
1098
1183
1102
1103
1109
1102
1097
1097
1099
1105
1100
1088
1095
1107
1105
1096
1095
1091
1099
1101
1102
1099
1094
1098
1098
1090
1109
1100
1094
1098
1095
1095
1091
1108
1104
1103
1096
1091
1090
1100
1099
1094
1094
1099
1097
1093
1093
1095
1100
1093
1091
1093
1082
1102
1106
1103
1100
1099
1086
1100
1101
1098
1099
1088
1097
1098
1101
1105
1093
1105
1087
1096
1101
1094
1096
1099
1096
1103
1092
1102
1111
1099
1097
1097
1111
1097
1101
1102
1103
1099
1104
1102
1096
1100
1099
1097
1095
1110
1108
1095
1115
1109
1099
1099
1093
1099
1098
1097
1099
1101
1102
1100
1099
1095
1105
1109
1102
1097
1101
1097
1097
1103
1100
1177
1101
1110
1104
1103
1100
1096
1103
1103
1103
1096
1095
1101
1098
1102
1099
1091
1104
1104
1106
1103
1109
1510
1843
1837
1829
1850
1838
1850
2001
1117
1107
1110
1109
1111
1112
1104
1105
1111
1105
1110
1104
1104
1103
1110
1108
1098
1103
1103
1114
1101
1099
1097
1095
1101
1104
1098
1108
1097
1119
1102
1102
1100
1039
1879
1931
1925
1946
1917
1912
1921
1942
1937
1908
1456
1922
2044
2047
1746
1399
1482
1141
1111
1117
1110
1110
1109
1102
1096
1109
1110
1106
1099
1096
1112
1107
1101
1096
1102
1099
1103
1102
1105
1095
1100
1099
1097
1099
1097
1102
1098
1099
1100
1097
1105
1101
1097
1102
1100
1097
1106
1101
1099
1098
1102
1107
1101
1104
1103
1092
1103
1105
1101
1099
1099
1100
1101
1098
1102
1100
1101
1105
1096
1102
1096
1102
1108
1102
1099
1088
1103
1096
1101
1099
1098
1101
1110
1104
1098
1102
1108
1103
1101
1107
1101
1098
1103
1103
1107
1100
1105
1100
1103
1107
1097
1094
1100
1100
1099
1103
1100
1103
1100
1106
1102
1103
1099
1102
1095
1099
1110
1108
1098
1100
1096
1100
1100
1102
1204
1278
1107
1106
1014
1192
1098
1166
1102
1103
1099
1097
1110
1104
956
1884
2021
1115
1106
1101
1623
1528
1111
1110
1114
1108
1846
1240
1111
1106
1033
1912
1487
1106
1116
1110
1193
1898
1301
1112
1115
1103
1560
1667
1128
1112
1117
1361
2068
1099
1127
1108
1115
1110
1620
1645
1118
1117
1108
1104
1111
1112
1107
1112
1108
1107
1106
1109
1110
1113
1111
1113
1113
1370
1866
1850
1877
1183
1109
1710
1529
1124
1114
1113
1118
1186
1111
1134
1116
1102
1101
1109
1108
1108
1113
1113
1111
1574
1117
1110
1111
1108
1114
1114
1570
1849
1839
1854
1843
1854
1756
1116
1119
1097
1890
1889
1910
1894
1403
1117
1109
1119
1514
1901
1896
1951
1118
1115
1107
1885
1896
1953
1119
1129
1121
1123
1129
1457
2015
1971
1979
1452
1169
1156
1190
1183
1194
1455
1886
1895
1658
1116
1122
1362
1892
1887
1883
1120
1125
1113
1129
1017
2008
2055
2049
1495
2035
2113
2099
1783
1906
1941
1948
1933
1915
1912
1906
1907
1935
1681
1753
1070
2106
1509
1960
1934
1883
1599
1622
1601
1226
1149
1441
1908
1933
1911
1842
1904
1457
1764
2123
1139
1124
1128
1129
1915
1905
1896
1888
1687
1139
1123
1118
1136
1035
1936
1121
1127
1121
1007
1693
1386
1112
1113
1124
969
1764
1126
1111
1108
1119
1118
1990
1119
1114
1117
1133
1118
1814
1117
1118
1120
1113
1113
1554
1209
1113
1115
1113
1118
1554
1305
1116
1123
1136
1568
1701
1128
1120
1119
1115
1086
1723
1112
1122
1116
1111
1013
1821
1115
1126
1115
1117
907
1945
1118
1114
1106
1115
1008
2037
1119
1124
1118
1116
1114
1882
1129
1117
1121
1115
991
1849
1108
1119
1117
1124
1111
1673
1288
1127
1113
1119
1113
1110
1118
1106
1118
1117
1121
1067
1868
1879
1884
2084
1119
1124
1693
2030
1118
1846
1148
1118
1116
1120
1120
1117
1112
1117
1114
1117
1121
1119
1545
1875
1883
1978
1133
1125
1119
1121
1116
1122
1116
1768
1877
1906
1191
1117
1262
1884
1919
1467
1124
1193
1897
1898
1673
1123
1079
1905
1918
1673
1123
1127
1122
1124
1120
1124
1868
1903
1970
1130
1128
1782
1897
2028
1261
1899
1903
1902
1447
1138
1362
1916
1943
1128
1082
1914
1911
1659
1128
1457
1894
1906
1301
1094
1914
1924
1897
1182
1923
1922
1751
960
1877
1123
1128
1124
1124
893
1850
1124
1118
1122
1127
1032
2003
1131
1116
1122
1114
1303
1500
1114
1112
1118
1119
1117
1802
1116
1117
1104
1118
1103
2101
1117
1118
1114
1109
1114
1118
1115
1107
1111
1116
1117
1182
1900
2026
1123
1117
1041
1839
1121
1116
1122
1121
1117
1966
1125
1122
1107
1115
926
1916
1110
1113
1114
1104
957
1993
1115
1118
1109
1114
1038
2086
1118
1100
1117
1109
1117
2030
1124
1117
1121
1111
1115
1104
1126
1887
2070
1117
1621
1203
1121
1114
1115
1112
2073
1114
1121
1116
1120
1121
2013
1111
1108
1113
1111
1119
1106
1118
1106
1114
1113
1110
1111
1605
1931
1895
1554
1122
1720
1169
1118
1121
1117
1538
1371
1116
1132
1123
1583
1705
1116
1119
1120
1112
1025
1813
1118
1114
1124
1115
1115
1131
1937
1115
1121
1114
1118
1109
1115
1129
1111
1120
1110
1797
1888
1367
1133
1115
1115
1114
1116
1119
1106
1108
1108
1108
1756
1634
1116
1107
1052
1751
1114
1117
1115
1107
1218
1622
1111
1112
1112
1109
1108
1113
1106
1106
1109
1115
1104
1764
1894
1467
1109
1020
2073
1111
1117
1115
1116
1112
1494
1319
1111
1114
1115
1108
1217
1128
1113
1116
1108
1104
1516
1878
2103
1117
1118
1220
1608
1115
1112
1117
1112
1149
1709
1105
1125
1118
1102
1096
1738
1110
1116
1114
1106
985
1817
1108
1112
1113
1119
956
2014
1119
1113
1105
1114
979
2036
1106
1109
1105
1114
1075
2105
1108
1106
1112
1109
1115
1982
1099
1110
1124
1108
1148
1720
1134
1110
1145
1134
1106
1119
1156
1112
1095
1145
1151
1818
1871
1928
1185
1063
1906
1884
1398
1099
1006
1814
1112
1109
1117
1121
1108
1113
1124
1102
1113
1114
1111
948
1885
1903
1210
1123
1460
1363
1114
1118
1106
1106
1196
1624
1114
1112
1108
1116
953
1837
1114
1114
1108
1107
1145
1659
1111
1113
1110
1120
1112
1711
1168
1110
1123
1117
1107
1112
1106
1109
1111
1116
1106
1108
1116
1107
1114
1111
1111
1102
1112
1117
1109
1114
1103
1105
1118
1106
1109
1105
1115
1115
1112
1108
1108
1114
1108
1105
1098
1105
1114
1109
1109
1104
1106
1115
1106
1120
1106
1116
1103
1104
1110
1107
1103
1114
1102
1109
1114
1109
1142
1119
1105
1115
1103
1108
1105
1104
1105
1108
1104
1115
1107
1108
1101
1109
1103
1112
1105
1133
1111
1107
1109
1130
1119
1108
1504
1110
1105
1089
1129
1115
1108
1107
1114
1105
1102
1105
1106
1107
1107
1104
1111
1104
1111
1111
1164
1113
1102
1112
1104
1109
1105
1109
1101
1105
1105
1110
1109
1100
1111
1104
1110
1096
1110
1104
1097
1103
1103
1115
1110
1101
1109
1101
1110
1117
1104
1107
1099
1099
1108
1107
1113
1106
1110
1115
1103
1106
1109
1111
1110
1099
1106
1104
1108
1106
1100
1107
1104
1107
1099
1103
1108
1104
1110
1098
1110
1106
1112
1105
1111
1097
1110
1102
1108
1109
1111
1098
1108
1102
1103
1106
1100
1099
1105
1105
1104
1105
1101
1105
1108
1106
1101
1100
1106
1111
1108
1103
1099
1106
1097
1108
1099
1109
1107
1102
1113
1109
1105
1103
1102
1106
1098
1103
1101
1104
1102
1100
1107
1108
1101
1102
1103
1101
1108
1106
1101
1101
1101
1100
1099
1100
1103
1100
1099
1100
1102
1104
1103
1100
1099
1103
1100
1102
1103
1100
1101
1105
1101
1106
1105
1102
1103
1103
1095
1097
1097
1097
1043
1719
1100
1108
1097
1095
1104
1100
1102
1093
1098
1091
1093
1107
1107
1113
1089
1099
1107
1103
1105
1094
1104
1101
1105
1094
1106
1103
1104
1392
1858
1851
1851
1852
1269
1117
1106
1112
1110
1114
1112
1110
1103
1112
1107
1112
1110
1106
1105
1101
1106
1112
1108
1105
1104
1104
1103
1102
1108
1108
1104
1111
1106
1110
1107
1101
1107
1108
1102
1112
1105
1104
1104
1104
1098
1103
1104
1098
1104
1106
1755
1518
1109
1109
1105
1113
1104
1110
1116
1105
1102
1104
1103
1110
1107
1102
1106
1102
1102
1107
1104
1115
1104
1097
1102
1108
1105
1101
1112
1108
1105
1100
1103
1107
1108
1105
1099
1103
1100
1104
1096
1104
1099
1120
1098
1104
1093
1093
1096
1102
1108
1097
1098
1100
1100
1095
1103
1097
1099
1098
1106
1097
1101
1097
1100
1097
1097
1105
1097
1112
1105
1106
1094
1093
1104
1096
1106
1107
1103
1106
1102
1097
1092
1105
1108
1102
1097
1096
1101
1100
1101
1104
1097
1101
1099
1102
1103
1090
1099
1097
1100
1098
1099
1101
1099
1100
1097
1097
1095
1095
1098
1108
1103
1102
1092
1098
1095
1111
1094
1102
1094
1104
1098
1101
1105
1100
1090
1095
1097
1111
1106
1106
1099
1098
1109
1099
1103
1105
1102
1101
1101
1111
1098
1104
1105
1102
1103
1103
1110
1106
1099
1100
1101
1103
1103
1100
1104
1101
1089
1579
1861
1853
1852
1857
1856
1860
1863
1487
1113
1117
1180
1121
1103
1113
1112
1111
1112
1120
1108
1109
1109
1118
1100
1106
1105
1101
1104
1101
1104
1099
1101
1106
1102
1105
1103
1101
1100
1103
1105
1107
1103
1103
1098
1103
1103
1103
1100
1100
1103
1111
1106
1102
1099
1098
1104
1103
1103
1099
1081
1105
1105
1105
1103
1114
1102
1103
1104
1101
1099
1103
1103
1103
1095
1098
1097
1097
1103
1100
1101
1100
1107
1097
1106
1103
1095
1096
1100
1107
1100
1100
1099
1107
1104
1102
1099
1100
1103
1100
1101
1101
1102
1097
1099
1102
1105
1099
1100
1101
1096
1110
1101
1101
1106
1168
1101
1100
1106
1105
1104
1102
1097
1095
1112
1102
1100
1104
1110
1111
1103
1108
1099
1101
1104
1097
1104
1097
1105
1114
1104
1102
1098
1104
1103
1104
1110
1102
1091
1103
1100
1105
1097
1099
1100
1099
1096
1101
1111
1107
1102
1109
1101
1100
1100
1101
1104
1101
1099
1096
1106
1101
1102
1098
1104
1103
1102
1097
1097
1104
1107
1107
1108
1100
1099
1101
1099
1112
1095
1100
1105
1104
1098
1092
1097
1101
1102
1103
1097
1094
1101
1105
1096
1105
1107
1103
1099
1099
1098
1101
1101
1097
1098
1096
1099
1101
1098
1096
1097
1095
1099
1103
1100
1099
1088
1100
1093
1100
1098
1098
1101
1095
1094
1091
1101
1098
1100
1097
1092
1095
1094
1102
1097
1099
1087
1098
1092
1097
1098
1107
1098
1096
1097
1092
1098
1096
1094
1107
1097
1095
1090
1107
1100
1096
1099
1092
1100
1093
1101
1102
1098
1101
1103
1098
1094
1096
1102
1099
1098
1092
1106
1100
1094
1100
1099
1110
1096
1096
1101
1094
1108
1100
1108
1100
1095
1099
1099
1100
1097
1098
1092
1107
1102
1105
1103
1092
1099
1100
1100
1095
1100
1096
1857
1849
1851
1840
1850
1845
1848
1361
1120
1103
1176
1110
1109
1112
1109
1113
1110
1110
1108
1112
1109
1106
1105
1098
1107
1111
1103
1098
1102
1088
1106
1101
1102
1094
1107
1111
1102
1105
1102
1117
1105
1104
1103
1103
1113
1103
1104
1101
1101
1105
1109
1113
1103
1100
1099
1099
1105
1100
1095
1099
1094
1107
1103
1102
1103
1107
1101
1102
1105
1102
1106
1102
1102
1103
1098
1101
1111
1105
1103
1104
1097
1100
1106
1105
1096
1102
1101
1112
1101
1100
1106
1096
1097
1094
1097
1103
1102
1098
1100
1101
1103
1105
1100
1097
1091
1101
1103
1100
1099
1098
1094
1101
1100
1099
1068
1893
1315
1107
1109
1106
1101
1097
1111
1104
1099
1104
1097
1105
1101
1103
1101
1104
1107
1104
1104
1099
1103
1097
1104
1102
1106
1104
1105
1098
1099
1099
1099
1105
1107
1102
1099
1102
1103
1104
1098
1103
1096
1097
1100
1107
1098
1101
1101
1101
1098
1102
1105
1109
1098
1099
1097
1097
1100
1107
1113
1102
1095
1096
1100
1104
1098
1104
1097
1104
1106
1098
1104
1103
1102
1106
1105
1102
1099
1099
1101
1102
1102
1097
1099
1100
1104
1102
1097
1101
1101
1100
1106
1096
1101
1099
1100
1101
1092
1098
1101
1100
1093
1092
1100
1095
1094
1095
1096
1083
1100
1104
1095
1094
1091
1102
1097
1104
1092
1098
1104
1093
1096
1094
1097
1096
1100
1091
1093
1083
1093
1099
1097
1093
1098
1095
1094
1104
1105
1099
1098
1097
1101
1092
1103
1096
1099
1096
1094
1093
1099
1103
1101
1091
1097
1090
1100
1098
1098
1096
1096
1096
1095
1094
1095
1101
1092
1094
1105
1095
1096
1097
1100
1096
1091
1100
1094
1095
1097
1092
1098
1094
1089
1102
1093
1100
1097
1094
1102
1095
1105
1131
1101
1104
1109
1101
1100
1104
1104
1109
1105
1107
1093
1101
1107
1099
1107
1096
1100
1106
1104
1111
1098
1101
1104
1104
1102
1100
1106
1103
1097
1163
1100
1106
1102
1098
1101
1096
1108
1107
1104
1107
1100
1112
1104
1103
1098
1097
1097
1098
1096
1097
1101
1103
1106
1100
1102
1103
1102
1106
1104
1102
1100
1101
1111
1104
1098
1095
1094
1104
1099
1105
1100
1101
1103
1099
1104
1099
1101
1103
1101
1102
1102
1102
1091
1095
1096
1092
1100
1102
1096
1093
1091
1087
1097
1094
1097
1095
1087
1092
1099
1097
1108
1104
1096
1102
1093
1096
1099
1104
1096
1094
1099
1090
1100
1096
1105
1099
1104
1094
1093
1094
1103
1093
1097
1088
1105
1099
1095
1100
1096
1094
1092
1094
1087
1096
1103
1099
1095
1095
1095
1090
1098
1101
1097
1091
1102
1098
1099
1107
1092
1095
1099
1097
1099
1096
1107
1101
1097
1093
1093
1097
1105
1095
1095
1097
1099
1100
1094
1104
1108
1094
1103
1097
1091
1097
1085
1109
1097
1098
1093
1098
1103
1098
1102
1099
1102
1109
1103
1111
1093
1100
1108
1106
1105
1105
1100
1102
1107
1103
1104
1104
1102
1102
1102
1098
1103
1105
1098
1096
1094
1089
1101
1102
1104
1089
1102
1094
1100
1090
1091
1094
1098
1101
1098
1094
1085
1097
1101
1099
1100
1095
1090
1088
1102
1098
1095
1093
1090
1093
1093
1093
1103
1101
1098
1102
1096
1096
1097
1098
1101
1099
1098
1095
1094
1098
1099
1096
1098
1098
1097
1096
1093
1105
1095
1098
1088
1100
1095
1102
1102
1098
1094
1099
1096
1095
1096
1098
1096
1098
1093
1098
1088
1100
1097
1096
1094
1087
1093
1097
1098
1107
1092
1099
1099
1093
1096
1096
1094
1104
1101
1093
1095
1102
1100
1099
1094
1095
1092
1099
1097
1097
1106
1095
1110
1106
1096
1098
1096
1104
1102
1090
1094
1095
1101
1099
1097
1101
1091
1094
1095
1102
1100
1097
1101
1097
1093
1096
1090
1101
1099
1096
1097
1088
1100
1100
1101
1098
1093
1096
1098
1102
1096
1082
1099
1095
1099
1100
1100
1104
1099
1098
1088
1093
1106
1094
1094
1099
1096
1094
1104
1100
1103
1098
1096
1102
1101
1102
1104
1105
1104
1104
1105
1103
1101
1103
1103
1108
1103
1102
1102
1101
1103
1101
1102
1098
1103
1107
1107
1102
1105
1096
1098
1098
1112
1098
1100
1076
1108
1098
1095
1103
1104
1395
1855
1110
1107
1098
1106
1102
1098
1102
1102
1097
1106
1098
1096
1103
1100
1099
1102
1099
1097
1093
1107
1101
1102
1096
1102
1106
1108
1103
1099
1103
1102
1108
1106
1107
1104
1101
1101
1099
1103
1188
1101
1106
1103
1100
1101
1096
1104
1105
1104
1106
1097
1106
1099
1103
1106
1105
1103
1099
1106
1108
1102
1110
1102
1106
1103
1097
1099
1086
1100
1108
1106
1100
1100
1099
1097
1099
1100
1101
1102
1104
1101
1102
1103
1108
1101
1096
1098
1105
1103
1115
1102
1104
1103
1106
1096
1098
1101
1096
1099
1102
1095
1098
1091
1101
1102
1093
1099
1091
1095
1093
1103
1095
1098
1101
1093
1103
1101
1096
1099
1101
1096
1098
1096
1101
1098
1101
1093
1100
1100
1097
1107
1100
1099
1098
1098
1106
1101
1104
1094
1100
1099
1084
1095
1102
1109
1091
1104
1101
1098
1097
1109
1099
1099
1102
1093
1101
1093
1102
1093
1093
1101
1095
1097
1100
1103
1093
1092
1101
1098
1097
1108
1096
1095
1087
1099
1104
1092
1100
1097
1103
1109
1101
1101
1103
1106
1102
1097
1103
1100
1102
1104
1099
1098
1084
1105
1105
1100
1106
1107
1102
1098
1098
1099
1096
1106
1107
1105
1104
1101
1109
1105
1101
1106
1099
1101
1106
1105
1104
1101
1106
1103
1098
1098
1105
1102
1107
1126
1110
1106
1103
1106
1106
1104
1105
1105
1100
1103
1106
1099
1106
1099
1098
1104
1091
1107
1107
1100
1160
1094
1097
1101
1117
1099
1100
1099
1103
1106
1097
1099
1097
1106
1104
1095
1108
1098
1102
1097
1099
1103
1097
1108
1102
1098
1101
1100
1111
1105
1103
1099
1105
1106
1104
1105
1099
1098
1101
1098
1110
1101
1108
1101
1105
1113
1105
1097
1096
1097
1098
1098
1103
1100
1104
1096
1102
1104
1100
1102
1091
1103
1108
1100
1099
1105
1106
1106
1100
1096
1098
1107
1106
1107
1100
1099
1101
1101
1104
1104
1106
1102
1099
1104
1102
1111
1096
1099
1105
1100
1104
1099
1101
1100
1104
1100
1102
1111
1115
1101
1105
1094
1106
1099
1104
1098
1097
1169
1106
1105
1104
1099
1104
1101
1102
1101
1103
1102
1101
1101
1100
1097
1104
1103
1099
1101
1110
1110
1106
1103
1105
1099
1095
1114
1101
1101
1097
1095
1105
1099
1104
1091
1105
1108
1099
1105
1103
1096
1100
1098
1096
1100
1102
1111
1105
1103
1101
1101
1098
1100
1102
1105
1103
1102
1102
1105
1105
1099
1102
1106
1100
1100
1089
1104
1103
1099
1100
1098
1107
1104
1104
1103
1099
1103
1108
1105
1105
1101
1105
1112
1105
1100
1099
1098
1103
1100
1098
1102
1097
1095
1101
1099
1096
1101
1104
1110
1102
1106
1095
1157
1104
1104
1100
1096
1102
1105
1105
1102
1096
1095
1097
1098
1097
1103
1096
1098
1105
1099
1098
1101
1101
1112
1100
1098
1103
1104
1100
1103
1107
1097
1106
1098
1101
1097
1103
1103
1103
1100
1103
1100
1100
1100
1103
1098
1103
1099
1102
1102
1102
1108
1111
1101
1106
1099
1106
1102
1103
1153
1098
1099
1102
1104
1100
1096
1105
1094
1101
1103
1104
1094
1097
1102
1100
1100
1099
1099
1097
1102
1109
1095
1108
1098
1105
1097
1101
1103
1096
1100
1097
1100
1100
1102
1101
1096
1109
1098
1103
1109
1099
1104
1100
1098
1099
1099
1101
1097
1102
1106
1100
1103
1103
1103
1104
1110
1101
1099
1112
1102
1098
1101
1097
1104
1103
1106
1095
1107
1102
1095
1104
1093
1096
1093
1097
1105
1089
1102
1100
1099
1105
1101
1099
1105
1110
1100
1093
1096
1090
1101
1102
1102
1100
1090
1095
1093
1086
1103
1103
1100
1090
1096
1091
1103
1104
1093
1091
1098
1090
1090
1103
1103
1093
1099
1098
1096
1097
1096
1095
1101
1100
1107
1097
1084
1102
1111
1104
1105
1090
1098
1092
1102
1099
1099
1100
1093
1093
1096
1101
1096
1100
1093
1092
1097
1096
1102
1097
1105
1096
1100
1097
1100
1095
1099
1101
1090
1096
1101
1103
1096
1092
1102
1091
1110
1098
1107
1098
1104
1099
1095
1103
1098
1098
1097
1101
1109
1096
1099
1100
1098
1099
1097
1107
1106
1105
1100
1102
1106
1101
1095
1098
1093
1104
1091
1104
1092
1087
1094
1105
1099
1092
1101
1101
1095
1096
1097
1095
1103
1108
1099
1095
1104
1102
1098
1104
1086
1097
1099
1107
1105
1106
1100
1099
1115
1106
1106
1094
1103
1106
1101
1103
1096
1103
1102
1099
1109
1470
1668
1865
1753
1111
1100
1110
1104
1103
1105
1106
1107
1108
1104
1096
1101
1110
1104
1110
1097
1102
1102
1106
1102
937
1837
1847
1843
1845
1862
1859
1162
1941
1936
1901
1891
1885
1679
1365
1118
1118
1274
1887
1925
1428
1005
1134
1123
1104
1157
1121
1115
1341
1114
1110
1108
1107
1104
1299
1113
1108
1105
1109
1111
1312
1104
1106
1118
1110
1108
1112
1337
1099
1112
1107
1101
1103
1332
1110
1097
1107
1105
1113
1109
1140
1105
1109
1110
1108
1113
1110
1690
1206
1113
1105
1104
1100
1112
1113
1109
1126
1106
1103
1105
1105
1107
1107
1104
1098
1107
1112
1107
1110
1112
1113
1110
1113
1107
1108
1116
1109
1107
1101
1106
1020
1251
1111
1101
1104
1152
1107
1111
1104
1089
1118
1037
1257
1494
1940
1915
1521
1708
1886
1881
1873
1688
1634
1127
1128
1109
1077
1900
1542
1118
1114
1104
1694
1223
1136
1112
1215
1115
1160
1114
1111
1140
1111
1109
1111
1111
1108
1096
1105
1110
1129
1104
1235
1117
1131
1103
1097
1215
1125
1117
1107
1121
1100
1109
1100
1107
1107
1114
1121
1108
1101
1101
1110
1103
1109
1104
1109
1109
1113
1110
1094
1118
1108
1108
1110
1101
1104
1109
1123
1107
1110
1106
1108
1110
1118
1100
1105
1095
1158
1111
1100
1128
1100
1102
1108
1113
1108
1112
1102
1101
1108
1105
1102
1103
1100
1102
1104
1108
1080
1104
1085
1104
1101
1500
1276
1853
1157
1112
1105
1112
1108
1107
1108
1131
1104
1110
1096
1108
1095
1093
1251
1109
1112
1098
1106
1097
1120
1099
1188
1171
1104
1112
1119
1093
1103
1868
1912
2098
1125
1109
1524
1878
1871
1875
1443
1036
1864
1121
1110
1102
1513
1113
1113
1106
1106
1115
1109
1105
1112
1286
1199
1935
1738
1117
1108
1106
1119
1108
1110
1878
1844
1390
