2593
2607
2524
2532
2540
2505
3170
2162
2975
2370
3662
2479
2102
1275
1278
1273
1273
1269
1269
1279
1270
1274
1273
1274
1274
1263
2069
2541
2540
2539
2550
2539
2536
2532
2547
1805
1276
1274
1274
1276
1276
1276
1270
1269
1273
1275
1271
1331
1274
1273
1273
1275
1279
1274
1271
1278
1270
1272
1276
1273
1270
1272
1274
1277
1274
1271
1278
1275
1292
1271
1276
1323
1276
1293
1277
1277
1278
1271
1266
1277
1276
1273
2150
1618
1270
1285
1273
1288
1272
1278
1272
1279
1276
1267
1274
1271
1273
1274
1277
1268
1276
1216
1280
1276
1276
1272
1272
1275
1290
1061
1402
1281
1236
1277
1287
1289
1272
1280
1280
1275
1263
1058
2032
1832
1891
2297
2279
2329
2316
2346
2330
2157
2286
1755
1511
2341
2350
2311
1899
1586
1593
1599
1878
1343
1289
1296
1291
1353
1288
1289
1289
1288
1294
1308
1288
1299
1297
1299
1298
1315
1293
1295
1295
1118
2607
2363
2633
2549
1982
1310
1293
1291
1294
2326
1803
1294
1297
1163
1335
1378
1293
1291
1296
1299
1294
1389
1298
1293
1293
1290
1286
1304
1288
1289
1288
1302
1292
1296
1294
1287
1293
1290
1288
1286
1290
1285
1291
1287
1297
1288
1296
1291
1277
1290
1291
1296
1283
1296
1295
1387
1292
1300
1292
1293
1292
1297
1306
1295
1291
1290
1291
1292
1292
1283
1286
1287
1290
1287
1285
1283
1287
1287
1286
1288
1293
1293
1290
1294
1291
1304
1289
1293
1289
1290
1288
1288
1290
1291
1285
1288
1292
1295
1295
1291
1298
1286
1437
2100
2588
1639
1301
1295
2334
2616
2236
1296
1666
1296
1295
1290
1291
1296
1294
1290
1290
1293
1291
1290
1295
1289
1291
1292
1291
1288
1284
1284
1294
1290
1292
1286
1291
1292
1287
1289
1286
1289
1288
1297
1354
1291
1285
1291
1290
1297
1287
1356
1290
1200
2601
2439
1297
1299
2156
1304
1279
1779
1246
1470
1296
1297
1297
1286
1317
1394
1304
1299
1296
1288
1311
1417
1301
1327
1292
1294
1312
1400
1296
1305
1299
1293
1320
1369
1315
1295
1291
1298
1321
1299
1290
1306
1295
1290
1393
1303
1284
1315
1289
1293
1402
1300
1290
1287
1300
1290
1406
1297
1297
1286
1303
1290
1398
1290
1296
1288
1301
1290
1400
1302
1291
1293
1289
1281
1407
1296
1294
1296
1290
1286
1396
1305
1842
1680
1299
1321
1295
1298
1297
1293
1297
1504
1890
1294
1297
1296
1318
1302
1298
1299
1288
1293
1317
1290
1297
1296
1289
1299
1314
1283
1290
1293
1294
1288
1318
1296
1289
1292
1293
1289
1307
1289
1290
1292
1285
1291
1308
1294
1282
1295
1296
1292
1311
1299
1292
1295
1289
1300
1308
1288
1293
1297
1297
1288
1281
1290
1287
1287
1290
1289
1259
1296
1297
1285
1279
1286
1252
1315
1297
1292
1296
1294
1297
1303
1297
1297
1281
1292
1272
1290
1295
1288
1291
1291
1272
1298
1290
1300
1295
1287
1279
1292
1296
1288
1292
1296
1260
1291
1291
1286
1292
1290
1286
1314
1297
1286
1297
1289
1275
1302
1291
1284
1289
1281
1281
1288
1284
1280
1289
1284
1278
1290
1295
1292
1290
1288
1274
1300
1294
1287
1290
1292
1289
1296
1288
1285
1294
1295
1290
1300
1296
1288
1288
1292
1297
1310
1294
1294
1293
1296
1293
1319
1300
1294
1286
1298
1288
1312
1305
1298
1289
1304
1300
1312
1289
1287
1292
1285
1282
1304
1283
1286
1324
1286
1288
1313
1294
1280
1282
1283
1285
1307
1293
1289
1278
1294
1287
1309
1290
1293
1288
1291
1293
1314
1295
1287
1285
1285
1288
1305
1288
1288
1284
1282
1282
1305
1285
1279
1289
1286
1284
1305
1299
1296
1283
1295
1286
1308
1296
1291
1284
1283
1287
1311
1294
1289
1284
1277
1291
1302
1287
1287
1290
1286
1279
1304
1294
1288
1285
1286
1284
1311
1293
1284
1278
1280
1277
1299
1288
1289
1281
1282
1281
1290
1296
1290
1281
1285
1276
1300
1293
1285
1286
1282
1284
1297
1289
1284
1290
1290
1282
1310
1294
1293
1285
1288
1295
1301
1290
1291
1285
1285
1290
1268
1300
1277
1291
1292
1282
1293
1293
1287
1283
1288
1277
1267
1297
1289
1289
1287
1288
1262
1291
1281
1287
1294
1284
1266
1299
1297
1287
1289
1280
1268
1303
1286
1286
1282
1281
1278
1307
1288
1280
1285
1279
1277
1313
1283
1277
1288
1280
1285
1307
1290
1283
1284
1280
1286
1307
1288
1292
1283
1280
1287
1310
1288
1287
1281
1275
1278
1317
1289
1287
1284
1287
1277
1301
1294
1283
1279
1282
1282
1297
1295
1287
1285
1285
1285
1312
1295
1285
1285
1279
1282
1315
1293
1284
1283
1282
1281
1316
1299
1288
1287
1283
1287
1297
1288
1277
1285
1275
1284
1304
1300
1279
1289
1284
1280
1301
1286
1281
1280
1274
1279
1291
1287
1288
1285
1284
1289
1300
1289
1303
1281
1273
1282
1302
1295
1280
1283
1283
1284
1299
1291
1287
1277
1278
1280
1302
1291
1279
1282
1281
1280
1286
1285
1285
1274
1280
1272
1266
1314
1276
1279
1285
1282
1269
1300
1288
1287
1289
1303
1280
1309
1290
1286
1287
1289
1290
1312
1295
1284
1281
1288
1277
1294
1290
1289
1286
1291
1284
1303
1289
1284
1276
1286
1279
1317
1284
1286
1286
1280
1286
1316
1291
1284
1278
1282
1285
1317
1293
1287
1284
1283
1287
1305
1286
1289
1280
1287
1287
1311
1290
1284
1280
1290
1285
1316
1290
1281
1288
1284
1283
1310
1288
1282
1283
1282
1286
1308
1289
1287
1284
1290
1288
1309
1294
1286
1280
1283
1285
1303
1284
1289
1284
1282
1282
1300
1287
1282
1278
1287
1280
1300
1291
1287
1284
1278
1277
1301
1300
1278
1285
1279
1278
1311
1290
1279
1286
1280
1290
1297
1292
1294
1286
1291
1283
1342
1293
1291
1290
1290
1295
1315
1292
1295
1293
1290
1295
1311
1300
1290
1294
1297
1296
1316
1356
1294
1295
1293
1295
1310
1290
1296
1296
1290
1294
1312
1290
1292
1297
1298
1290
1305
1289
1291
1293
1298
1293
1276
1305
1287
1290
1287
1293
1310
1294
1292
1281
1292
1282
1302
1287
1297
1290
1294
1291
1304
1293
1294
1291
1288
1294
1301
1291
1287
1292
1290
1294
1310
1355
1295
1297
1291
1294
1270
1308
1298
1286
1294
1298
1313
1291
1293
1287
1290
1285
1304
1289
1287
1286
1295
1295
1309
1292
1288
1298
1298
1291
1303
1297
1288
1288
1285
1281
1305
1294
1289
1279
1282
1290
1286
1290
1290
1290
1278
1281
1278
1294
1294
1277
1281
1284
1265
1295
1287
1286
1281
1285
1274
1296
1287
1288
1279
1289
1288
1309
1285
1281
1311
1291
1290
1318
1299
1286
1284
1284
1290
1307
1294
1289
1279
1294
1282
1310
1289
1283
1283
1292
1290
1320
1351
1296
1288
1288
1290
1307
1289
1289
1289
1290
1285
1354
1294
1290
1300
1292
1293
1448
1297
1294
1290
1290
1291
1313
1291
1289
1289
1292
1287
1316
1285
1296
1288
1293
1288
1308
1292
1291
1289
1285
1292
1310
1293
1289
1295
1287
1287
1313
1294
1293
1283
1295
1292
1307
1281
1289
1290
1287
1284
1311
1285
1301
1282
1291
1289
1312
1289
1289
1292
1287
1292
1303
1290
1284
1291
1287
1290
1307
1291
1291
1283
1281
1274
1308
1293
1283
1273
1282
1283
1303
1287
1281
1289
1281
1289
1313
1290
1284
1292
1284
1287
1305
1292
1293
1284
1286
1286
1303
1349
1292
1286
1290
1275
1310
1280
1285
1285
1296
1274
1309
1291
1284
1285
1282
1279
1297
1290
1285
1281
1272
1291
1294
1294
1277
1285
1279
1287
1299
1295
1289
1279
1282
1275
1306
1288
1304
1283
1283
1281
1311
1293
1279
1291
1295
1288
1297
1296
1284
1291
1287
1289
1364
1286
1291
1294
1286
1292
1306
1295
1294
1280
1284
1294
1312
1294
1298
1278
1281
1282
1288
1287
1293
1285
1276
1291
1296
1294
1289
1289
1280
1287
1270
1291
1280
1290
1281
1293
1266
1283
1289
1283
1277
1280
1266
1288
1293
1281
1289
1276
1265
1294
1285
1285
1285
1292
1287
1295
1287
1287
1278
1286
1280
1296
1287
1291
1285
1282
1275
1296
1290
1290
1289
1282
1291
1309
1296
1282
1282
1287
1281
1316
1295
1284
1277
1289
1285
1326
1311
1287
1286
1284
1284
1311
1293
1286
1292
1275
1282
1302
1294
1281
1283
1285
1282
1308
1289
1276
1279
1290
1282
1298
1281
1283
1284
1287
1284
1303
1296
1282
1281
1287
1280
1309
1294
1284
1295
1283
1285
1301
1296
1279
1290
1282
1281
1297
1292
1293
1283
1284
1279
1298
1287
1286
1283
1277
1286
1308
1296
1285
1288
1288
1284
1296
1289
1277
1277
1286
1287
1295
1291
1288
1287
1288
1282
1298
1291
1286
1284
1284
1279
1300
1291
1289
1281
1292
1280
1305
1297
1292
1274
1282
1281
1291
1295
1278
1275
1285
1278
1263
1295
1288
1281
1281
1281
1269
1290
1289
1280
1289
1286
1267
1295
1287
1283
1289
1279
1271
1298
1296
1289
1281
1274
1283
1311
1288
1288
1282
1283
1281
1314
1287
1284
1280
1290
1282
1306
1288
1283
1284
1279
1285
1306
1289
1282
1284
1290
1289
1311
1289
1282
1283
1278
1284
1302
1293
1295
1287
1287
1284
1307
1291
1279
1290
1280
1291
1306
1298
1280
1289
1278
1282
1302
1302
1284
1283
1281
1278
1307
1290
1281
1281
1290
1281
1310
1290
1285
1284
1276
1278
1298
1289
1280
1287
1282
1276
1297
1293
1286
1286
1292
1287
1299
1292
1289
1281
1284
1281
1302
1291
1291
1288
1290
1283
1311
1296
1286
1299
1292
1292
1303
1291
1282
1280
1280
1291
1306
1295
1283
1289
1292
1285
1296
1291
1282
1292
1285
1290
1307
1291
1295
1290
1294
1290
1311
1287
1300
1292
1295
1293
1303
1323
1291
1285
1291
1295
1310
1300
1297
1284
1300
1299
1312
1286
1294
1294
1265
1295
1312
1290
1292
1292
1293
1289
1309
1284
1294
1293
1299
1300
1302
1288
1283
1287
1282
1286
1313
1292
1289
1292
1288
1298
1309
1291
1283
1290
1289
1288
1305
1286
1284
1291
1292
1293
1315
1286
1297
1282
1288
1287
1309
1287
1304
1282
1284
1287
1284
1291
1281
1292
1293
1289
1290
1295
1286
1286
1285
1285
1292
1281
1291
1284
1293
1290
1288
1294
1288
1288
1289
1288
1290
1283
1280
1288
1290
1298
1290
1294
1286
1294
1293
1298
1288
1292
1280
1275
1277
1280
1286
1293
1290
1283
1283
1284
1286
1292
1291
1280
1283
1282
1280
1282
1286
1284
1282
1285
1280
1280
1284
1285
1283
1286
1288
1287
1296
1280
1289
1281
1285
1280
1289
1282
1286
1287
1277
1285
1288
1301
1281
1293
1287
1300
1285
1281
1286
1288
1292
1283
1290
1287
1290
1277
1283
1285
1292
1286
1286
1288
1281
1279
1292
1283
1285
1290
1285
1284
1289
1287
1278
1275
1284
1286
1291
1282
1289
1289
1290
1285
1294
1296
1292
1283
1290
1286
1290
1295
1296
1290
1300
1291
1289
1285
1299
1288
1293
1294
1284
1289
1301
1292
1289
1290
1291
1286
1297
1300
1293
1287
1296
1291
1294
1291
1290
1295
1293
1288
1286
1295
1292
1291
1299
1292
1288
1286
1285
1290
1293
1291
1282
1285
1282
1289
1292
1291
1287
1285
1285
1280
1283
1285
1284
1290
1294
1288
1296
1291
1295
1282
1282
1283
1285
1287
1286
1289
1281
1286
1287
1296
1290
1287
1289
1282
1282
1292
1285
1286
1289
1284
1292
1283
1296
1284
1292
1283
1290
1289
1293
1280
1283
1283
1277
1288
1279
1286
1281
1285
1283
1290
1282
1285
1283
1289
1285
1290
1288
1288
1283
1281
1278
1287
1289
1284
1289
1284
1284
1291
1282
1293
1280
1280
1282
1291
1286
1286
1287
1296
1293
1289
1289
1296
1288
1295
1291
1296
1286
1295
1286
1291
1296
1296
1296
1291
1300
1303
1300
1288
1299
1293
1307
1297
1302
1292
1292
1289
1292
1293
1293
1292
1302
1292
1292
1291
1286
1297
1294
1286
1289
1286
1293
1288
1293
1290
1292
1295
1289
1289
1297
1286
1285
1288
1287
1300
1289
1289
1287
1288
1288
1290
1286
1301
1287
1292
1298
1292
1290
1291
1291
1287
1297
1295
1286
1291
1289
1293
1292
1287
1289
1288
1292
1291
1286
1293
1293
1292
1295
1296
1290
1292
1286
1298
1287
1295
1291
1294
1287
1290
1295
1282
1289
1285
1283
1296
1291
1293
1294
1293
1287
1293
1289
1290
1292
1287
1288
1290
1284
1283
1290
1294
1287
1278
1267
1280
1273
1290
1289
1280
1283
1289
1278
1291
1293
1283
1275
1284
1295
1294
1292
1290
1289
1279
1281
1287
1289
1285
1283
1285
1279
1291
1288
1290
1286
1284
1279
1284
1289
1284
1279
1282
1280
1293
1290
1292
1293
1282
1284
1292
1288
1288
1289
1284
1281
1287
1288
1292
1293
1295
1287
1290
1287
1281
1290
1286
1293
1278
1298
1285
1285
1287
1282
1288
1292
1285
1283
1294
1281
1286
1299
1286
1282
1285
1267
1284
1287
1287
1277
1290
1297
1286
1288
1281
1282
1281
1283
1285
1293
1286
1293
1283
1287
1281
1297
1285
1283
1278
1293
1291
1291
1285
1287
1295
1292
1297
1287
1293
1286
1296
1295
1294
1296
1290
1292
1287
1298
1290
1303
1299
1290
1297
1296
1282
1302
1290
1291
1291
1301
1296
1288
1289
1294
1303
1289
1292
1290
1291
1294
1310
1291
1302
1292
1299
1294
1295
1295
1291
1294
1298
1298
1293
1298
1291
1295
1294
1294
1287
1290
1292
1293
1292
1284
1285
1295
1299
1297
1291
1302
1292
1287
1289
1296
1289
1285
1278
1282
1280
1298
1292
1287
1286
1291
1282
1287
1290
1288
1280
1282
1283
1291
1289
1288
1279
1285
1285
1284
1285
1288
1278
1283
1282
1286
1285
1286
1277
1293
1287
1292
1286
1287
1289
1279
1275
1287
1288
1288
1286
1280
1277
1291
1291
1289
1286
1291
1285
1291
1288
1299
1290
1290
1279
1289
1290
1293
1289
1294
1284
1290
1288
1288
1293
1294
1287
1283
1288
1279
1288
1287
1279
1290
1293
1281
1287
1287
1283
1284
1291
1284
1283
1293
1282
1286
1293
1283
1288
1290
1288
1294
1285
1281
1285
1286
1289
1289
1293
1283
1290
1285
1294
1292
1291
1288
1283
1288
1288
1288
1292
1291
1286
1289
1284
1294
1286
1291
1288
1288
1283
1292
1290
1282
1291
1283
1290
1277
1287
1284
1296
1287
1289
1279
1287
1285
1282
1287
1282
1288
1293
1289
1283
1288
1283
1287
1290
1293
1289
1281
1281
1284
1290
1288
1283
1289
1294
1288
1293
1296
1287
1295
1293
1292
1292
1285
1280
1285
1280
1273
1285
1293
1283
1283
1280
1280
1288
1290
1279
1284
1281
1285
1287
1284
1289
1280
1285
1289
1291
1291
1302
1277
1285
1294
1294
1291
1282
1288
1279
1281
1283
1289
1293
1284
1285
1282
1287
1287
1280
1289
1285
1288
1286
1286
1291
1281
1290
1280
1287
1289
1292
1280
1281
1280
1287
1295
1292
1302
1294
1286
1289
1295
1280
1293
1283
1281
1285
1288
1291
1287
1280
1276
1282
1293
1289
1286
1295
1288
1286
1296
1289
1286
1288
1284
1286
1292
1274
1292
1287
1290
1278
1298
1285
1286
1287
1280
1285
1292
1277
1275
1283
1284
1290
1294
1283
1282
1293
1285
1285
1288
1294
1286
1287
1294
1278
1291
1280
1288
1284
1297
1282
1290
1283
1288
1286
1295
1294
1284
1288
1282
1286
1283
1287
1290
1289
1284
1281
1289
1287
1290
1291
1284
1282
1281
1287
1291
1286
1290
1283
1287
1281
1296
1287
1285
1285
1285
1284
1292
1295
1288
1291
1277
1286
1287
1289
1294
1282
1280
1286
1285
1281
1292
1285
1292
1288
1291
1292
1292
1288
1285
1283
1294
1294
1286
1289
1285
1288
1292
1290
1281
1284
1293
1286
1287
1296
1286
1285
1284
1280
1288
1290
1288
1289
1289
1285
1296
1294
1291
1288
1295
1285
1289
1285
1282
1289
1287
1283
1284
1293
1277
1278
1287
1281
1292
1293
1288
1282
1289
1282
1284
1286
1289
1280
1285
1278
1277
1292
1294
1289
1290
1290
1281
1290
1295
1291
1295
1285
1285
1296
1281
1281
1284
1287
1281
1293
1281
1280
1285
1293
1282
1297
1294
1283
1290
1286
1280
1297
1292
1281
1283
1283
1279
1295
1279
1278
1292
1290
1276
1283
1291
1284
1288
1286
1283
1291
1288
1280
1283
1294
1296
1296
1289
1292
1293
1290
1287
1282
1286
1289
1286
1291
1277
1288
1288
1287
1282
1284
1286
1291
1294
1286
1291
1297
1279
1285
1289
1276
1283
1280
1288
1283
1294
1287
1288
1287
1300
1291
1289
1297
1286
1287
1281
1288
1287
1283
1289
1287
1282
1286
1292
1283
1283
1278
1294
1291
1288
1292
1287
1287
1287
1284
1289
1294
1282
1279
1291
1293
1289
1286
1280
1285
1290
1288
1293
1283
1288
1290
1289
1291
1290
1280
1291
1293
1291
1283
1295
1292
1293
1279
1293
1278
1288
1278
1279
1271
1277
1275
1289
1287
1285
1280
1274
1278
1280
1284
1284
1283
1283
1278
1282
1298
1291
1283
1289
1280
1294
1286
1282
1286
1287
1284
1295
1289
1290
1283
1290
1281
1289
1282
1281
1293
1285
1282
1286
1285
1285
1290
1280
1275
1290
1289
1291
1284
1288
1290
1290
1291
1291
1291
1287
1278
1290
1286
1285
1281
1284
1287
1292
1296
1283
1282
1284
1277
1290
1284
1292
1274
1278
1281
1293
1287
1287
1294
1283
1283
1289
1292
1280
1296
1289
1291
1290
1289
1287
1292
1283
1288
1291
1294
1282
1285
1282
1284
1285
1290
1285
1285
1282
1279
1283
1288
1281
1276
1284
1284
1287
1289
1281
1292
1279
1290
1288
1290
1287
1281
1284
1284
1283
1292
1286
1284
1277
1288
1286
1293
1284
1283
1287
1289
1290
1295
1281
1280
1282
1288
1294
1292
1277
1280
1280
1281
1283
1292
1290
1286
1285
1289
1281
1293
1287
1283
1287
1285
1280
1286
1287
1290
1282
1284
1278
1289
1280
1289
1287
1287
1280
1294
1283
1292
1288
1281
1287
1291
1286
1282
1288
1280
1281
1289
1289
1278
1282
1283
1283
1287
1293
1289
1289
1278
1283
1280
1297
1290
1282
1284
1277
1290
1295
1290
1287
1285
1281
1290
1295
1280
1291
1283
1285
1284
1294
1279
1283
1289
1285
1289
1286
1284
1283
1280
1289
1284
1294
1279
1287
1284
1288
1284
1289
1285
1289
1285
1284
1284
1288
1288
1283
1283
1286
1285
1295
1284
1287
1287
1289
1283
1292
1287
1276
1282
1281
1287
1287
1289
1282
1293
1291
1284
1291
1284
1293
1286
1288
1280
1298
1279
1293
1286
1291
1284
1291
1286
1287
1282
1287
1282
1290
1292
1281
1286
1290
1287
1288
1284
1284
1286
1286
1282
1292
1287
1293
1284
1281
1282
1296
1293
1280
1284
1284
1285
1290
1285
1282
1285
1279
1287
1292
1290
1286
1286
1282
1276
1292
1293
1279
1283
1273
1282
1286
1279
1280
1280
1283
1281
1293
1289
1284
1275
1282
1282
1288
1289
1281
1293
1281
1280
1289
1292
1287
1290
1293
1282
1285
1286
1283
1282
1279
1279
1280
1286
1288
1286
1283
1278
1283
1292
1284
1284
1290
1277
1288
1288
1281
1287
1288
1283
1291
1289
1277
1277
1284
1287
1289
1286
1295
1284
1283
1289
1287
1288
1289
1284
1289
1282
1284
1288
1287
1284
1282
1279
1276
1293
1280
1284
1282
1288
1281
1292
1284
1287
1285
1284
1278
1286
1282
1282
1285
1278
1279
1289
1288
1282
1287
1274
1282
1289
1284
1278
1278
1284
1281
1291
1287
1285
1283
1277
1282
1287
1288
1283
1279
1270
1280
1293
1294
1285
1282
1285
1299
1292
1291
1284
1282
1288
1285
1291
1291
1290
1280
1290
1279
1290
1296
1285
1288
1287
1288
1286
1286
1279
1282
1281
1281
1287
1293
1281
1283
1281
1276
1278
1288
1290
1282
1273
1277
1283
1289
1287
1286
1282
1280
1290
1293
1284
1282
1274
1281
1275
1290
1283
1287
1277
1284
1281
1293
1280
1278
1281
1277
1276
1284
1290
1284
1286
1278
1287
1289
1290
1288
1287
1285
1279
1292
1284
1290
1277
1280
1278
1294
1283
1302
1284
1281
1280
1291
1279
1283
1285
1285
1282
1289
1288
1284
1287
1282
1281
1289
1289
1282
1283
1289
1284
1291
1287
1281
1283
1281
1280
1288
1288
1284
1284
1280
1284
1295
1291
1276
1276
1284
1284
1281
1291
1281
1285
1276
1284
1282
1291
1277
1273
1278
1284
1285
1290
1285
1283
1285
1280
1283
1285
1282
1281
1278
1283
1279
1289
1281
1278
1280
1294
1287
1293
1279
1284
1284
1280
1281
1289
1280
1279
1285
1288
1282
1288
1296
1290
1286
1286
1295
1292
1282
1300
1277
1294
1289
1290
1289
1286
1290
1295
1286
1288
1280
1290
1293
1279
1285
1290
1286
1280
1282
1277
1281
1292
1279
1284
1283
1273
1277
1289
1287
1281
1285
1293
1280
1299
1285
1281
1283
1283
1289
1292
1284
1280
1276
1279
1285
1283
1286
1282
1287
1279
1279
1283
1288
1277
1271
1284
1280
1284
1280
1283
1282
1276
1289
1295
1292
1291
1286
1287
1284
1288
1297
1282
1285
1284
1279
1283
1290
1283
1276
1284
1280
1286
1293
1280
1276
1283
1287
1284
1292
1288
1287
1279
1288
1282
1286
1278
1311
1288
1278
1284
1286
1280
1292
1276
1286
1289
1289
1289
1283
1290
1284
1284
1288
1290
1282
1278
1281
1280
1290
1291
1288
1280
1280
1276
1292
1284
1289
1279
1278
1278
1293
1285
1283
1282
1285
1283
1293
1287
1273
1276
1282
1287
1290
1289
1285
1282
1281
1284
1287
1287
1280
1278
1281
1285
1288
1292
1284
1280
1284
1284
1291
1289
1286
1283
1283
1287
1276
1289
1278
1288
1279
1276
1282
1285
1285
1283
1279
1280
1282
1285
1286
1292
1287
1275
1280
1291
1281
1283
1283
1290
1283
1291
1285
1281
1278
1288
1279
1296
1285
1285
1280
1282
1285
1289
1286
1279
1281
1278
1288
1291
1288
1285
1280
1286
1290
1290
1283
1288
1280
1284
1282
1287
1287
1282
1284
1281
1279
1294
1285
1288
1286
1286
1271
1297
1312
1280
1292
1284
1295
1300
1295
1287
1298
1291
1295
1302
1298
1286
1294
1289
1296
1290
1287
1295
1289
1294
1295
1293
1292
1296
1289
1292
1292
1290
1291
1297
1290
1287
1291
1290
1296
1288
1295
1288
1290
1296
1290
1289
1289
1288
1281
1291
1288
1295
1287
1287
1287
1293
1292
1297
1287
1274
1293
1295
1293
1288
1293
1290
1289
1285
1292
1287
1292
1296
1291
1287
1355
1291
1288
1285
1287
1285
1289
1290
1296
1294
1290
1294
1286
1285
1293
1289
1290
1297
1291
1283
1304
1286
1295
1288
1293
1286
1282
1289
1291
1288
1285
1290
1290
1292
1289
1293
1287
1294
1288
1291
1276
1290
1286
1288
1281
1283
1286
1284
1283
1279
1281
1283
1283
1294
1290
1291
1290
1281
1286
1300
1291
1291
1285
1295
1283
1295
1285
1287
1293
1292
1290
1292
1287
1291
1291
1288
1289
1285
1288
1282
1287
1279
1287
1279
1292
1289
1288
1286
1281
1282
1280
1287
1290
1289
1288
1286
1357
1290
1290
1288
1291
1292
1287
1293
1289
1286
1292
1148
1308
1292
1294
1290
1287
1379
1296
1290
1305
1291
1291
1369
1307
1292
1286
1290
1290
1290
1288
1294
1290
1296
1290
1291
1288
1296
1289
1293
1289
1283
1287
1288
1289
1285
1286
1286
1290
1284
1284
1284
1287
1291
1293
1287
1282
1280
1288
1291
1290
1287
1279
1282
1280
1291
1292
1289
1284
1286
1281
1284
1289
1280
1287
1285
1286
1284
1293
1281
1282
1281
1278
1280
1294
1282
1280
1288
1283
1283
1288
1290
1280
1285
1276
1285
1293
1288
1291
1282
1283
1284
1292
1293
1282
1285
1284
1282
1293
1293
1295
1287
1276
1278
1286
1284
1279
1286
1288
1282
1289
1290
1287
1286
1285
1278
1298
1286
1284
1284
1289
1284
1290
1293
1287
1287
1288
1288
1284
1287
1278
1288
1284
1285
1292
1289
1285
1284
1284
1282
1289
1293
1283
1280
1282
1292
1292
1362
1299
1297
1296
1293
1294
1291
1299
1291
1294
1293
1291
1290
1288
1289
1288
1293
1289
1289
1294
1288
1296
1285
1283
1295
1291
1293
1294
1284
1288
1288
1287
1288
1291
1282
1284
1290
1291
1279
1288
1287
1282
1290
1287
1289
1284
1281
1277
1291
1286
1282
1281
1289
1280
1291
1291
1282
1283
1293
1285
1284
1284
1278
1283
1293
1287
1288
1290
1279
1280
1288
1283
1288
1285
1291
1284
1291
1290
1288
1285
1288
1281
1288
1284
1286
1288
1283
1291
1283
1289
1285
1293
1278
1280
1280
1292
1290
1288
1282
1281
1283
1277
1289
1285
1280
1281
1279
1278
1296
1286
1282
1291
1284
1280
1288
1286
1279
1283
1274
1283
1284
1291
1283
1282
1287
1285
1290
1275
1286
1283
1288
1282
1297
1292
1279
1281
1283
1291
1294
1287
1289
1278
1281
1278
1281
1285
1285
1281
1294
1286
1275
1289
1288
1287
1284
1282
1280
1293
1295
1288
1290
1284
1285
1287
1289
1280
1285
1282
1284
1292
1286
1286
1279
1284
1280
1295
1280
1298
1282
1278
1282
1291
1281
1287
1285
1280
1282
1290
1291
1292
1287
1280
1287
1282
1280
1290
1280
1282
1284
1290
1287
1280
1284
1286
1278
1292
1284
1282
1287
1278
1278
1275
1294
1282
1289
1282
1283
1289
1287
1281
1289
1288
1286
1295
1285
1288
1287
1287
1288
1286
1283
1286
1292
1293
1285
1293
1285
1290
1279
1282
1289
1284
1288
1291
1292
1287
1292
1285
1286
1280
1280
1286
1285
1289
1281
1277
1280
1285
1286
1290
1284
1289
1292
1292
1295
1291
1286
1287
1282
1285
1291
1288
1290
1288
1285
1284
1289
1288
1290
1280
1284
1284
1276
1287
1293
1286
1281
1281
1285
1288
1289
1285
1283
1278
1288
1289
1287
1278
1291
1285
1278
1290
1291
1286
1279
1283
1284
1283
1292
1283
1281
1281
1286
1288
1287
1289
1284
1286
1285
1285
1291
1289
1281
1285
1284
1278
1288
1289
1288
1282
1283
1280
1293
1287
1281
1276
1285
1280
1289
1289
1282
1292
1280
1280
1291
1288
1282
1292
1290
1292
1292
1294
1288
1287
1290
1295
1298
1296
1293
1297
1293
1289
1292
1288
1294
1287
1299
1290
1284
1291
1287
1292
1277
1288
1293
1291
1292
1296
1283
1288
1288
1289
1289
1273
1287
1286
1286
1282
1297
1288
1283
1282
1292
1289
1278
1292
1283
1276
1279
1289
1286
1293
1287
1290
1289
1294
1292
1285
1289
1287
1292
1288
1291
1285
1293
1283
1291
1283
1290
1285
1294
1282
1287
1296
1287
1290
1291
1276
1281
1292
1285
1281
1289
1279
1280
1289
1282
1289
1281
1289
1287
1286
1288
1282
1287
1285
1289
1293
1288
1281
1281
1284
1287
1286
1277
1289
1290
1290
1285
1292
1289
1281
1285
1292
1290
1292
1284
1284
1280
1280
1293
1292
1292
1284
1287
1278
1289
1290
1290
1290
1282
1282
1284
1294
1283
1283
1278
1293
1282
1292
1281
1281
1281
1287
1280
1290
1283
1283
1282
1279
1280
1294
1290
1281
1291
1283
1279
1287
1292
1290
1287
1287
1294
1286
1286
1287
1285
1291
1289
1302
1290
1291
1280
1286
1284
1296
1295
1283
1284
1285
1282
1292
1284
1283
1279
1280
1277
1289
1287
1286
1274
1281
1280
1293
1284
1289
1278
1283
1286
1289
1291
1284
1292
1286
1280
1282
1291
1285
1281
1272
1284
1287
1288
1288
1288
1287
1283
1284
1288
1290
1285
1286
1292
1290
1289
1291
1292
1285
1287
1285
1281
1289
1287
1276
1279
1291
1293
1287
1294
1284
1282
1285
1291
1283
1293
1279
1279
1285
1287
1287
1286
1290
1283
1286
1292
1282
1283
1282
1285
1287
1295
1280
1278
1285
1283
1288
1295
1283
1288
1280
1283
1285
1291
1284
1290
1284
1290
1290
1295
1286
1283
1284
1293
1289
1291
1287
1283
1286
1292
1284
1293
1284
1285
1285
1289
1285
1286
1290
1293
1287
1292
1293
1290
1292
1279
1281
1280
1291
1289
1289
1282
1291
1292
1289
1291
1285
1285
1282
1274
1279
1295
1289
1289
1285
1286
1287
1292
1290
1287
1281
1285
1280
1287
1294
1291
1290
1291
1300
1292
1292
1283
1290
1282
1284
1289
1292
1290
1277
1283
1280
1288
1288
1290
1280
1289
1278
1286
1292
1283
1280
1285
1287
1281
1286
1286
1289
1280
1283
1286
1288
1287
1290
1288
1290
1284
1290
1292
1282
1284
1281
1296
1291
1292
1291
1290
1284
1289
1285
1291
1289
1276
1292
1280
1292
1280
1290
1286
1283
1287
1294
1292
1293
1287
1288
1287
1285
1291
1288
1291
1281
1286
1293
1290
1290
1293
1281
1298
1289
1289
1292
1286
1304
1288
1296
1286
1294
1294
1290
1287
1290
1289
1291
1291
1291
1279
1286
1289
1287
1290
1290
1281
1291
1289
1294
1297
1287
1286
1297
1289
1293
1287
1282
1284
1288
1285
1295
1291
1286
1287
1290
1287
1289
1284
1291
1287
1288
1289
1293
1289
1299
1285
1293
1293
1284
1285
1282
1278
1287
1284
1284
1280
1291
1283
1292
1283
1291
1295
1289
1290
1294
1291
1281
1281
1287
1282
1284
1289
1287
1290
1287
1283
1291
1288
1289
1288
1282
1282
1292
1284
1285
1279
1284
1282
1290
1294
1295
1280
1285
1281
1297
1291
1286
1277
1279
1279
1297
1295
1280
1287
1281
1283
1286
1288
1288
1288
1282
1275
1291
1290
1287
1287
1293
1291
1291
1296
1286
1292
1280
1282
1287
1290
1281
1279
1287
1282
1286
1290
1287
1288
1289
1292
1288
1289
1298
1275
1293
1285
1296
1291
1290
1293
1288
1295
1287
1292
1289
1288
1280
1286
1284
1292
1289
1293
1290
1292
1286
1288
1289
1285
1286
1279
1280
1292
1289
1284
1283
1288
1292
1292
1288
1291
1298
1292
1295
1291
1288
1292
1295
1293
1284
1294
1279
1287
1285
1285
1287
1295
1289
1284
1293
1295
1283
1289
1294
1289
1286
1284
1279
1293
1290
1290
1289
1287
1289
1293
1291
1293
1284
1289
1283
1287
1282
1282
1293
1295
1278
1294
1294
1284
1279
1283
1285
1293
1290
1278
1284
1289
1288
1290
1286
1292
1289
1286
1290
1292
1285
1291
1287
1284
1285
1292
1289
1288
1279
1291
1283
1289
1286
1284
1288
1288
1294
1289
1293
1292
1292
1283
1286
1291
1283
1283
1284
1286
1278
1284
1283
1288
1289
1287
1289
1289
1287
1293
1289
1286
1290
1294
1284
1285
1288
1289
1292
1286
1293
1289
1279
1279
1283
1287
1290
1279
1284
1279
1279
1285
1290
1285
1287
1285
1284
1284
1290
1287
1287
1284
1283
1279
1291
1281
1286
1282
1279
1278
1295
1284
1282
1281
1277
1278
1290
1294
1288
1282
1287
1281
1295
1292
1287
1289
1281
1278
1288
1292
1295
1277
1278
1281
1289
1281
1286
1285
1279
1280
1292
1289
1290
1285
1283
1278
1289
1289
1289
1293
1288
1275
1289
1288
1290
1290
1288
1284
1295
1284
1287
1287
1285
1288
1293
1289
1283
1282
1285
1292
1291
1290
1282
1281
1285
1290
1287
1286
1282
1289
1289
1281
1288
1287
1289
1292
1289
1284
1286
1288
1287
1286
1290
1282
1293
1297
1284
1278
1282
1289
1280
1291
1287
1285
1283
1289
1294
1289
1275
1280
1278
1290
1285
1291
1291
1286
1288
1287
1287
1289
1287
1278
1286
1288
1290
1291
1281
1284
1275
1278
1281
1289
1279
1287
1283
1282
1279
1290
1288
1286
1284
1284
1282
1290
1286
1281
1283
1289
1279
1292
1284
1284
1284
1284
1285
1292
1279
1282
1288
1284
1281
1289
1288
1287
1284
1285
1281
1286
1292
1288
1295
1279
1283
1294
1291
1277
1285
1285
1286
1291
1289
1289
1285
1280
1283
1289
1294
1284
1284
1287
1284
1290
1290
1282
1277
1284
1283
1293
1288
1291
1278
1281
1281
1287
1291
1293
1285
1280
1286
1288
1292
1285
1281
1287
1278
1287
1291
1293
1287
1282
1277
1289
1288
1283
1292
1283
1284
1279
1293
1279
1293
1277
1281
1285
1295
1282
1290
1281
1279
1280
1284
1283
1285
1285
1283
1288
1293
1285
1283
1286
1285
1282
1290
1283
1277
1290
1279
1277
1283
1278
1278
1286
1290
1280
1292
1282
1284
1293
1284
1281
1291
1290
1283
1289
1293
1288
1290
1290
1289
1282
1288
1283
1296
1291
1286
1286
1292
1293
1290
1283
1289
1290
1289
1286
1289
1290
1286
1280
1282
1296
1292
1292
1283
1286
1283
1284
1289
1288
1286
1281
1277
1288
1290
1284
1292
1282
1283
1285
1295
1290
1283
1284
1284
1288
1282
1290
1280
1293
1283
1288
1291
1291
1290
1283
1286
1294
1289
1297
1292
1276
1290
1293
1290
1291
1288
1291
1300
1286
1296
1290
1291
1284
1290
1284
1295
1286
1293
1287
1289
1289
1291
1293
1285
1294
1276
1290
1282
1294
1284
1284
1283
1277
1288
1290
1288
1289
1280
1290
1291
1291
1296
1295
1279
1294
1282
1305
1282
1288
1284
1290
1282
1295
1279
1283
1288
1284
1283
1292
1290
1285
1283
1281
1287
1294
1286
1291
1281
1282
1287
1288
1289
1285
1284
1285
1288
1296
1283
1288
1286
1284
1282
1295
1286
1289
1285
1287
1292
1290
1289
1287
1293
1281
1285
1292
1288
1290
1294
1292
1284
1289
1280
1286
1289
1285
1279
1292
1284
1289
1294
1284
1284
1292
1287
1297
1279
1289
1281
1287
1282
1278
1277
1287
1291
1287
1289
1290
1291
1288
1278
1291
1286
1284
1287
1293
1284
1291
1289
1288
1290
1293
1293
1292
1287
1279
1282
1282
1284
1289
1288
1288
1281
1284
1295
1289
1290
1283
1279
1280
1288
1288
1287
1285
1281
1286
1292
1294
1289
1288
1282
1283
1286
1283
1289
1291
1291
1288
1288
1287
1289
1297
1295
1279
1280
1292
1292
1279
1286
1287
1282
1295
1290
1286
1284
1291
1291
1288
1290
1282
1287
1284
1283
1278
1289
1286
1281
1277
1286
1286
1291
1279
1285
1281
1276
1283
1286
1287
1284
1289
1279
1280
1292
1294
1289
1283
1282
1287
1292
1285
1281
1279
1282
1278
1294
1292
1292
1285
1290
1284
1288
1283
1291
1278
1278
1279
1290
1290
1290
1291
1281
1291
1283
1290
1282
1284
1283
1282
1290
1283
1288
1289
1286
1279
1293
1291
1294
1289
1290
1290
1289
1287
1281
1289
1285
1286
1285
1290
1289
1291
1279
1291
1297
1284
1287
1288
1282
1283
1291
1282
1288
1292
1284
1289
1296
1285
1283
1280
1287
1281
1288
1289
1280
1279
1288
1279
1291
1296
1287
1289
1292
1286
1286
1291
1282
1290
1287
1285
1283
1284
1283
1286
1285
1292
1285
1291
1283
1278
1285
1290
1280
1288
1281
1282
1284
1294
1284
1299
1283
1288
1279
1281
1285
1290
1283
1275
1283
1283
1294
1292
1283
1282
1285
1289
1293
1285
1279
1282
1283
1287
1286
1289
1279
1276
1285
1285
1292
1293
1287
1285
1277
1280
1282
1287
1288
1277
1281
1282
1281
1293
1283
1285
1279
1287
1279
1291
1287
1284
1281
1286
1281
1293
1286
1281
1278
1287
1281
1292
1284
1283
1286
1282
1282
1283
1288
1286
1288
1285
1275
1285
1292
1280
1287
1284
1287
1287
1290
1282
1278
1284
1282
1284
1285
1289
1306
1289
1290
1295
1289
1281
1290
1290
1288
1285
1293
1290
1283
1289
1291
1287
1289
1291
1287
1288
1285
1285
1284
1285
1287
1284
1285
1287
1286
1284
1289
1278
1281
1284
1293
1280
1290
1283
1290
1285
1289
1280
1296
1277
1287
1285
1288
1289
1282
1288
1284
1287
1289
1290
1280
1287
1294
1288
1288
1288
1289
1287
1288
1283
1290
1277
1291
1280
1285
1290
1292
1286
1288
1291
1284
1282
1290
1292
1279
1281
1288
1281
1297
1291
1284
1280
1281
1294
1291
1283
1278
1280
1289
1278
1291
1279
1286
1277
1277
1280
1291
1298
1295
1282
1290
1279
1292
1282
1286
1283
1279
1285
1288
1294
1289
1288
1279
1286
1288
1290
1287
1290
1289
1286
1296
1283
1287
1283
1285
1293
1296
1286
1291
1284
1283
1286
1289
1294
1287
1290
1289
1282
1290
1287
1284
1278
1285
1279
1287
1288
1278
1283
1283
1283
1291
1282
1286
1283
1286
1289
1290
1288
1282
1279
1286
1292
1283
1293
1291
1286
1276
1285
1286
1293
1288
1283
1290
1282
1285
1291
1283
1284
1285
1276
1288
1286
1279
1285
1289
1278
1283
1286
1277
1286
1284
1283
1283
1290
1290
1284
1284
1286
1282
1288
1281
1282
1281
1281
1285
1288
1284
1287
1282
1283
1282
1291
1287
1279
1276
1285
1286
1295
1282
1288
1286
1286
1285
1292
1289
1292
1281
1285
1278
1281
1279
1280
1282
1282
1285
1292
1284
1285
1280
1283
1284
1291
1285
1280
1276
1279
1277
1287
1282
1278
1277
1282
1284
1291
1280
1286
1281
1286
1281
1290
1293
1288
1285
1285
1287
1293
1293
1292
1283
1286
1273
1287
1284
1285
1281
1287
1282
1293
1296
1291
1283
1291
1290
1290
1284
1276
1292
1294
1292
1290
1289
1290
1292
1283
1289
1291
1288
1284
1283
1282
1281
1291
1288
1287
1282
1294
1284
1292
1285
1280
1275
1277
1273
1279
1289
1278
1283
1282
1291
1292
1298
1286
1285
1283
1283
1286
1296
1296
1287
1279
1284
1282
1294
1286
1278
1284
1276
1282
1288
1283
1284
1286
1296
1285
1283
1288
1292
1288
1288
1292
1287
1294
1284
1281
1291
1284
1290
1286
1288
1280
1281
1280
1291
1284
1276
1281
1277
1271
1289
1281
1286
1280
1284
1284
1291
1290
1280
1283
1282
1282
1294
1290
1293
1277
1282
1289
1291
1298
1291
1294
1282
1287
1290
1291
1285
1288
1278
1283
1283
1288
1279
1281
1281
1278
1293
1285
1282
1282
1281
1277
1286
1296
1279
1292
1286
1284
1294
1285
1287
1292
1287
1279
1283
1280
1282
1290
1285
1278
1285
1286
1296
1284
1287
1279
1290
1297
1284
1284
1288
1289
1284
1284
1289
1281
1288
1293
1286
1290
1287
1281
1283
1289
1286
1285
1289
1283
1289
1285
1286
1289
1292
1284
1287
1286
1283
1288
1284
1279
1274
1289
1284
1287
1280
1280
1283
1284
1286
1292
1278
1287
1280
1279
1287
1288
1286
1285
1285
1285
1286
1292
1286
1293
1283
1280
1280
1293
1284
1283
1273
1288
1274
1290
1286
1286
1280
1280
1277
1282
1283
1286
1284
1279
1281
1290
1281
1276
1282
1280
1279
1290
1284
1283
1284
1285
1281
1292
1290
1287
1280
1295
1284
1289
1290
1286
1286
1288
1288
1290
1289
1290
1283
1296
1297
1289
1294
1287
1297
1291
1293
1295
1291
1286
1292
1291
1287
1297
1297
1293
1297
1295
1288
1294
1291
1295
1292
1295
1290
1295
1286
1293
1287
1288
1291
1298
1287
1289
1293
1289
1281
1285
1281
1289
1280
1291
1281
1292
1293
1294
1292
1284
1281
1281
1287
1285
1289
1292
1291
1295
1288
1336
1293
1289
1291
1284
1297
1290
1291
1280
1292
1286
1293
1293
1291
1290
1285
1291
1291
1284
1288
1291
1286
1296
1291
1292
1283
1285
1273
1291
1282
1283
1282
1274
1276
1293
1294
1289
1283
1283
1282
1283
1293
1284
1279
1288
1280
1278
1292
1285
1285
1288
1292
1294
1285
1285
1279
1285
1282
1279
1285
1290
1280
1277
1288
1277
1292
1286
1280
1279
1280
1279
1291
1292
1288
1282
1285
1280
1290
1289
1287
1282
1280
1287
1282
1282
1283
1286
1287
1281
1296
1288
1295
1289
1292
1288
1344
1293
1293
1286
1291
1287
1286
1290
1294
1288
1291
1290
1283
1306
1287
1292
1292
1282
1474
1298
1290
1284
1287
1283
1293
1287
1294
1292
1293
1293
1293
1295
1297
1294
1293
1294
1289
1294
1285
1293
1296
1298
1290
1296
1291
1296
1289
1295
1294
1293
1289
1283
1294
1289
1298
1293
1290
1356
1297
1288
1287
1295
1295
1293
1291
1284
1286
1295
1283
1292
1290
1294
1289
1289
1287
1287
1292
1292
1288
1292
1290
1287
1289
1284
1289
1283
1291
1291
1289
1290
1293
1289
1281
1290
1292
1295
1290
1294
1289
1288
1282
1296
1289
1290
1285
1289
1289
1284
1285
1291
1290
1285
1290
1283
1293
1283
1285
1282
1290
1287
1286
1285
1287
1290
1292
1286
1287
1293
1284
1286
1283
1290
1287
1295
1292
1286
1290
1288
1291
1291
1287
1282
1276
1292
1288
1286
1289
1284
1293
1282
1286
1287
1292
1291
1275
1279
1284
1288
1321
1291
1276
1281
1933
1290
1289
1291
1296
1296
1289
1289
1287
1290
1284
1290
1285
1287
1297
1284
1290
1284
1287
1293
1284
1278
1283
1286
1291
1286
1285
1294
1292
1294
1287
1297
1285
1288
1281
1286
1288
1287
1287
1282
1281
1278
1283
1285
1286
1285
1290
1285
1289
1288
1286
1287
1289
1286
1285
1292
1290
1285
1281
1291
1287
1287
1278
1290
1285
1280
1282
1291
1290
1293
1286
1288
1286
1292
1290
1279
1286
1289
1288
1289
1293
1287
1283
1291
1282
1287
1285
1289
1289
1285
1282
1290
1291
1292
1287
1288
1286
1293
1290
1288
1287
1290
1288
1292
1287
1290
1286
1284
1278
1285
1291
1292
1278
1284
1280
1290
1284
1283
1284
1281
1284
1289
1286
1287
1288
1284
1289
1290
1286
1288
1294
1288
1287
1288
1286
1292
1278
1282
1284
1295
1280
1291
1280
1285
1280
1290
1285
1287
1285
1284
1279
1293
1288
1279
1285
1278
1279
1286
1294
1283
1279
1281
1287
1291
1287
1287
1284
1278
1279
1288
1286
1288
1287
1290
1285
1288
1295
1287
1285
1290
1289
1285
1288
1286
1292
1281
1287
1281
1291
1280
1286
1290
1290
1290
1293
1286
1280
1289
1282
1285
1282
1288
1290
1279
1289
1293
1292
1288
1290
1287
1283
1286
1289
1281
1289
1286
1289
1291
1292
1283
1288
1287
1289
1284
1291
1287
1283
1294
1282
1289
1296
1289
1291
1285
1286
1294
1294
1286
1292
1292
1291
1279
1284
1284
1292
1287
1288
1284
1293
1290
1287
1289
1285
1283
1295
1293
1282
1287
1280
1280
1285
1293
1280
1284
1280
1279
1288
1288
1287
1280
1285
1279
1287
1285
1292
1292
1292
1285
1291
1285
1288
1285
1280
1290
1288
1291
1283
1292
1287
1294
1288
1289
1285
1289
1280
1281
1285
1288
1279
1282
1286
1280
1282
1287
1291
1285
1285
1282
1283
1287
1275
1291
1283
1279
1287
1292
1287
1285
1286
1280
1286
1292
1287
1289
1290
1283
1288
1284
1289
1278
1286
1282
1292
1287
1293
1286
1294
1288
1292
1286
1290
1291
1286
1291
1288
1293
1284
1282
1290
1289
1287
1295
1279
1277
1285
1287
1291
1288
1287
1283
1283
1287
1286
1292
1282
1292
1286
1289
1289
1289
1286
1295
1288
1301
1291
1291
1286
1287
1296
1297
1289
1289
1304
1285
1287
1301
1294
1287
1293
1295
1294
1297
1298
1297
1300
1290
1337
1790
2118
2178
1288
1277
1272
1364
1279
1290
1290
1291
1291
1375
1292
1289
1293
1302
1289
1367
1300
1287
1292
1291
1297
1372
1298
1298
1298
1295
1290
1372
1293
1296
1290
1289
1295
1374
1295
1280
1287
1295
1295
1366
1306
1281
1294
1296
1313
1369
1305
1298
1297
1299
1250
1300
1306
1310
1296
1289
1336
1302
1296
1302
1298
1293
1381
1299
1300
1300
1315
1299
1368
1296
1296
1296
1290
1297
1370
1307
1294
1296
1299
1296
1385
1304
1298
1302
1297
1296
1376
1304
1281
1297
1288
1292
1381
1347
1292
1298
1291
1293
1380
1300
1289
1292
1310
1299
1351
1308
1307
1287
1300
1292
1252
1291
1295
1285
1288
1303
1387
1296
1291
1309
1300
1291
1387
1292
1296
1291
1297
1296
1390
1289
1292
1296
1292
1303
1384
1298
1288
1294
1287
1292
1382
1288
1294
1293
1292
1287
1384
1288
1294
1285
1293
1288
1373
1301
1296
1302
1288
1286
1382
1312
1299
1289
1292
1297
1370
1293
1297
1296
1304
1293
1384
1297
1303
1295
1295
1293
1698
1297
1291
1294
1291
1374
1293
1283
1291
1274
1291
1209
1298
1295
1286
1286
1285
1280
1307
1299
1290
1286
1281
1282
1293
1293
1297
1305
1299
1301
1298
1304
1299
1302
1301
1299
1297
1309
1297
1300
1295
1287
1297
1295
1301
1289
1302
1202
1305
1285
1326
1303
1305
1222
1297
1293
1283
1293
1273
1214
1296
1302
1291
1306
1294
1211
1304
1303
1289
1290
1292
1207
1314
1289
1283
1290
1303
1235
1334
1286
1290
1287
1293
1293
1384
1308
1294
1292
1276
1378
1291
1327
1286
1302
1284
1394
1297
1300
1304
1304
1287
1373
1290
1306
1293
1292
1289
1368
1299
1285
1293
1278
1295
1364
1302
1295
1305
1284
1296
1368
1304
1285
1284
1290
1286
1383
1296
1296
1282
1298
1289
1409
1302
1301
1288
1299
1290
1376
1312
1304
1295
1298
1284
1377
1304
1296
1299
1299
1301
1382
1305
1314
1298
1295
1299
1379
1317
1295
1293
1297
1295
1376
1298
1304
1283
1302
1302
1387
1296
1317
1301
1302
1230
1308
1298
1298
1295
1293
1239
1298
1293
1299
1316
1320
1224
1301
1291
1292
1296
1294
1214
1307
1297
1302
1292
1304
1369
1296
1299
1297
1288
1298
1367
1306
1309
1296
1293
1295
1373
1304
1293
1296
1293
1294
1364
1300
1311
1289
1302
1299
1442
1296
1309
1300
1291
1294
1369
1291
1297
1293
1297
1316
1377
1294
1293
1307
1290
1289
1370
1297
1294
1290
1293
1297
1383
1295
1288
1289
1301
1286
1363
1282
1292
1288
1292
1289
1378
1301
1292
1282
1290
1274
1374
1285
1282
1288
1281
1283
1365
1281
1264
1291
1287
1289
1370
1302
1284
1288
1281
1292
1363
1291
1289
1291
1307
1288
1379
1289
1310
1286
1289
1293
1392
1293
1288
1292
1292
1305
1383
1296
1281
1308
1288
1289
1368
1300
1291
1304
1288
1265
1401
1298
1297
1285
1291
1243
1290
1290
1290
1292
1286
1210
1306
1275
1293
1290
1290
1209
1317
1291
1285
1285
1285
1202
1290
1289
1284
1302
1288
1230
1311
1317
1296
1294
1290
1237
1317
1300
1297
1285
1303
1233
1324
1285
1271
1286
1283
1273
1366
1287
1294
1288
1287
1271
1368
1290
1296
1287
1296
1283
1373
1289
1287
1289
1287
1275
1373
1304
1285
1287
1294
1308
1365
1284
1286
1284
1285
1374
1291
1290
1299
1289
1287
1358
1283
1286
1285
1288
1288
1366
1284
1278
1278
1274
1287
1362
1294
1290
1300
1289
1285
1375
1286
1289
1286
1288
1287
1375
1288
1288
1289
1298
1285
1366
1290
1292
1279
1285
1288
1365
1303
1288
1288
1284
1276
1367
1292
1290
1278
1284
1286
1361
1297
1307
1282
1280
1285
1368
1288
1291
1295
1285
1297
1372
1298
1294
1297
1294
1307
1372
1303
1301
1292
1285
1283
1357
1284
1284
1287
1295
1296
1374
1283
1293
1290
1286
1282
1368
1275
1288
1282
1280
1286
1376
1295
1288
1281
1297
1294
1381
1290
1283
1291
1286
1283
1375
1298
1299
1285
1283
1287
1385
1297
1287
1287
1280
1286
1367
1282
1290
1301
1292
1281
1368
1307
1287
1284
1289
1293
1378
1301
1291
1289
1296
1283
1369
1296
1290
1311
1296
1291
1372
1285
1288
1281
1289
1281
1622
1291
1300
1284
1307
1287
2132
1327
1297
1314
1312
1293
1321
1536
1300
1287
1326
1319
1323
1300
1316
1294
1321
1310
1323
1296
1270
1292
1292
1339
1290
1309
1293
1321
1277
1322
1299
1315
1425
1474
1305
1328
1289
1285
1292
1287
1318
1287
1316
1293
1310
1292
1330
1302
1323
1293
1282
1300
1312
1322
1296
1305
1303
1315
1307
1322
1304
1316
1291
1291
1306
1303
1320
1297
1311
1305
1324
1294
1324
1300
1331
1292
1325
1287
1288
1293
1298
1313
1312
1313
1306
1309
1306
1309
1313
1312
1306
1241
1304
1292
1333
1296
1327
1298
1311
1298
1327
1298
1299
1299
1316
1302
1291
1301
1281
1313
1294
1310
1302
1314
1301
1322
1300
1300
1318
1264
1298
1306
1312
1293
1337
1292
1314
1306
1307
1300
1324
1299
1277
1303
1286
1312
1310
1317
1293
1319
1288
1296
1306
1313
1286
1257
1294
1272
1323
1283
1311
1287
1306
1273
1289
1290
1283
1290
1302
1277
1285
1293
1286
1291
1275
1283
1299
1291
1289
1285
1298
1284
1296
1288
1292
1291
1288
1296
1305
1284
1293
1284
1286
1300
1302
1293
1290
1288
1284
1296
1289
1274
1286
1287
1286
1295
1300
1293
1286
1289
1283
1288
1315
1294
1300
1282
1280
1284
1311
1290
1288
1288
1284
1290
1307
1298
1296
1286
1296
1282
1305
1296
1288
1284
1285
1288
1297
1302
1294
1285
1288
1288
1296
1302
1289
1283
1285
1290
1299
1298
1288
1286
1283
1291
1296
1297
1291
1289
1296
1287
1291
1285
1289
1291
1290
1287
1291
1292
1286
1287
1285
1278
1287
1285
1301
1282
1288
1287
1299
1293
1309
1291
1305
1286
1301
1298
1295
1286
1279
1295
1296
1297
1288
1288
1285
1285
1297
1294
1284
1300
1294
1287
1291
1292
1285
1301
1290
1281
1293
1288
1293
1296
1288
1280
1294
1288
1288
1297
1280
1273
1308
1296
1281
1330
1305
1291
1293
1284
1284
1287
1294
1306
1294
1295
1299
1289
1295
1287
1302
1285
1292
1295
1296
1291
1307
1294
1287
1284
1282
1301
1282
1292
1288
1280
1265
1289
1301
1301
1291
1286
1278
1297
1298
1285
1286
1286
1273
1293
1279
1290
1296
1286
1285
1269
1274
1298
1299
1285
1314
1304
1291
1301
1292
1288
1289
1288
1283
1299
1288
1287
1286
1291
1288
1298
1298
1285
1280
1278
1295
1297
1293
1291
1278
1285
1272
1308
1295
1284
1282
1289
1270
1309
1286
1284
1281
1280
1279
1310
1306
1290
1276
1291
1278
1325
1280
1286
1286
1278
1286
1304
1305
1280
1288
1283
1277
1307
1299
1290
1286
1285
1286
1318
1302
1284
1273
1287
1290
1300
1302
1289
1288
1272
1277
1313
1279
1284
1288
1277
1283
1306
1269
1284
1286
1272
1285
1305
1288
1297
1282
1284
1285
1298
1285
1297
1275
1287
1279
1313
1291
1297
1287
1286
1274
1302
1289
1300
1279
1283
1295
1304
1292
1281
1301
1284
1284
1300
1285
1285
1301
1281
1283
1306
1287
1291
1293
1287
1275
1310
1286
1287
1297
1282
1279
1298
1275
1279
1269
1285
1279
1305
1296
1291
1279
1291
1281
1311
1295
1294
1288
1303
1281
1307
1284
1290
1280
1290
1277
1311
1290
1284
1281
1296
1277
1305
1280
1289
1287
1297
1297
1306
1310
1312
1290
1293
1296
1311
1293
1292
1289
1278
1291
1307
1275
1284
1284
1288
1297
1305
1288
1284
1275
1282
1294
1304
1287
1285
1274
1285
1269
1292
1282
1282
1290
1282
1272
1300
1295
1283
1286
1288
1285
1322
1286
1283
1273
1279
1281
1305
1286
1283
1279
1275
1285
1294
1284
1283
1282
1283
1282
1299
1280
1287
1287
1275
1294
1286
1302
1289
1284
1275
1286
1310
1298
1276
1277
1282
1284
1308
1289
1286
1279
1278
1280
1299
1299
1285
1268
1294
1280
1282
1274
1289
1279
1278
1291
1288
1274
1291
1290
1276
1286
1302
1289
1295
1275
1276
1282
1294
1285
1300
1284
1275
1276
1301
1285
1296
1277
1279
1278
1297
1279
1291
1280
1284
1279
1290
1288
1284
1292
1280
1283
1295
1286
1278
1291
1283
1287
1295
1279
1286
1289
1278
1284
1294
1281
1289
1292
1288
1285
1296
1296
1278
1283
1296
1278
1282
1281
1294
1274
1289
1278
1294
1284
1279
1282
1294
1278
1295
1282
1291
1281
1303
1283
1300
1292
1289
1281
1295
1281
1301
1279
1276
1281
1297
1284
1287
1288
1280
1287
1286
1290
1292
1284
1286
1281
1280
1284
1290
1284
1289
1279
1281
1292
1291
1295
1287
1280
1283
1291
1296
1290
1290
1291
1282
1286
1299
1285
1284
1285
1286
1268
1296
1283
1275
1280
1275
1283
1301
1283
1286
1277
1281
1270
1317
1284
1290
1280
1287
1275
1291
1291
1286
1285
1280
1279
1301
1291
1274
1281
1282
1287
1289
1289
1287
1287
1280
1284
1288
1294
1281
1280
1275
1274
1292
1292
1286
1276
1292
1280
1295
1283
1298
1280
1287
1287
1291
1284
1294
1280
1279
1280
1290
1288
1294
1284
1284
1283
1297
1289
1290
1275
1285
1279
1291
1288
1280
1289
1290
1284
1300
1285
1272
1278
1281
1282
1289
1285
1283
1291
1281
1279
1286
1281
1282
1300
1280
1277
1297
1284
1280
1280
1285
1281
1287
1276
1291
1294
1287
1277
1287
1286
1288
1274
1309
1288
1295
1287
1279
1279
1291
1277
1287
1293
1289
1274
1299
1288
1285
1289
1284
1279
1284
1277
1288
1281
1282
1272
1265
1284
1298
1275
1283
1281
1279
1288
1290
1282
1285
1283
1284
1298
1277
1289
1281
1285
1276
1298
1293
1292
1288
1284
1280
1288
1288
1282
1283
1283
1283
1290
1296
1284
1287
1286
1277
1271
1311
1281
1277
1283
1280
1285
1298
1287
1281
1288
1286
1290
1296
1289
1288
1288
1282
1276
1301
1279
1285
1284
1279
1286
1288
1288
1291
1282
1284
1279
1285
1288
1279
1272
1286
1286
1294
1298
1289
1287
1277
1287
1294
1300
1285
1281
1282
1285
1285
1291
1279
1284
1282
1276
1290
1298
1283
1275
1285
1282
1297
1284
1300
1284
1276
1283
1293
1281
1297
1286
1281
1285
1292
1297
1290
1282
1286
1272
1288
1287
1292
1283
1281
1275
1286
1285
1289
1293
1284
1279
1296
1283
1277
1286
1287
1284
1294
1282
1290
1288
1282
1274
1296
1295
1284
1295
1278
1279
1295
1293
1285
1291
1279
1285
1285
1288
1291
1292
1295
1282
1288
1290
1277
1278
1295
1281
1290
1286
1287
1287
1296
1286
1294
1290
1291
1294
1289
1285
1288
1293
1301
1287
1286
1298
1288
1291
1285
1283
1274
1289
1293
1287
1293
1285
1290
1289
1287
1277
1285
1288
1282
1297
1290
1288
1290
1280
1285
1282
1293
1282
1280
1279
1280
1291
1293
1284
1285
1282
1290
1286
1297
1293
1287
1291
1285
1283
1294
1290
1282
1285
1283
1279
1300
1284
1290
1286
1293
1283
1293
1285
1296
1286
1277
1276
1282
1303
1290
1281
1287
1281
1291
1288
1288
1284
1278
1284
1288
1305
1286
1280
1269
1283
1293
1306
1292
1292
1286
1280
1292
1301
1273
1285
1282
1278
1280
1288
1294
1281
1281
1278
1282
1285
1300
1288
1286
1282
1291
1287
1300
1287
1278
1279
1312
1302
1304
1290
1282
1289
1286
1288
1306
1292
1275
1279
1277
1302
1284
1294
1291
1288
1273
1290
1280
1284
1291
1283
1281
1287
1281
1301
1282
1287
1273
1295
1279
1301
1288
1282
1280
1295
1289
1277
1307
1294
1277
1300
1294
1298
1286
1293
1277
1331
1299
1313
1305
1304
1282
1320
1297
1304
1312
1314
1273
1253
1376
1286
1319
1300
1317
1315
1312
1302
1325
1301
1323
1312
1310
1300
1290
1297
1305
1312
1289
1314
1301
1322
1316
1310
1301
1319
1292
1281
1314
1297
1312
1296
1316
1305
1317
1298
1302
1291
1299
1309
1313
1298
1290
1304
1287
1311
1304
1306
1296
1310
1292
1310
1302
1313
1305
1276
1297
1286
1343
1244
1327
1289
1317
1294
1347
1298
1322
1298
1283
1290
1319
1326
1294
1317
1290
1314
1321
1307
1287
1309
1286
1279
1332
1300
1311
1296
1293
1284
1347
1292
1321
1289
1307
1297
1333
1289
1280
1289
1291
1305
1299
1312
1291
1304
1276
1299
1284
1312
1281
1293
1302
1290
1323
1304
1309
1285
1302
1295
1325
1306
1305
1290
1284
1295
1304
1322
1295
1306
1277
1294
1293
1319
1290
1268
1288
1277
1311
1289
1324
1289
1302
1285
1311
1291
1312
1289
1271
1279
1295
1314
1310
1310
1286
1296
1284
1315
1309
1310
1313
1300
1298
1297
1309
1298
1298
1294
1454
1303
1301
1298
1294
1296
1294
1295
1283
1296
1297
1296
1296
1296
1295
1293
1290
1296
1291
1294
1296
1286
1294
1283
1297
1288
1289
1288
1294
1289
1294
1294
1290
1297
1283
1286
1297
1298
1289
1293
1286
1291
1288
1297
1291
1290
1285
1286
1291
1301
1289
1284
1282
1288
1295
1290
1288
1288
1290
1285
1292
1290
1289
1285
1288
1280
1301
1283
1288
1282
1283
1286
1297
1297
1286
1282
1291
1288
1410
1296
1287
1283
1291
1285
1289
1296
1294
1283
1291
1280
1290
1292
1291
1286
1285
1289
1296
1289
1286
1294
1322
1286
1298
1301
1292
1287
1293
1301
1292
1291
1293
1293
1292
1285
1294
1292
1289
1285
1289
1292
1285
1295
1290
1293
1284
1285
1281
1291
1281
1287
1278
1294
1278
1289
1287
1287
1280
1290
1281
1284
1283
2317
1595
1324
1345
1297
1291
1297
1291
1297
1295
1298
1294
1299
1297
1292
1299
1293
1295
1290
1286
1296
1301
1289
1298
1291
1296
1289
1295
1296
1291
1292
1291
1290
1295
1289
1294
1288
1283
1285
1320
1283
1287
1285
1286
1290
1291
1287
1290
1292
1284
1292
1295
1290
1295
1294
1287
1282
1290
1296
1289
1294
1287
1288
1287
1293
1288
1294
1291
1287
1297
1292
1295
1291
1291
1282
1299
1285
1290
1288
1288
1288
1296
1283
1288
1290
1295
1296
1290
1286
1289
1280
1288
1286
1288
1294
1285
1289
1290
1292
1300
1289
1292
1281
1285
1290
1292
1284
1296
1291
1287
1290
1297
1286
1285
1282
1290
1284
1295
1285
1288
1282
1273
1286
1294
1286
1288
1290
1281
1285
1294
1291
1287
1283
1286
1278
1291
1282
1290
1278
1291
1286
1286
1290
1293
1283
1283
1280
1303
1285
1288
1288
1282
1283
1286
1298
1285
1261
1390
1289
1299
1292
1292
1287
1285
1285
1287
1291
1292
1282
1290
1291
1295
1294
1295
1288
1285
1285
1282
1295
1287
1303
1284
1287
1285
1288
1284
1286
1285
1285
1285
1291
1297
1289
1292
1286
1286
1297
1289
1286
1293
1286
1294
1292
1298
1288
1294
1277
1286
1294
1283
1297
1287
1288
1290
1288
1290
1296
1284
1290
1294
1289
1290
1287
1286
1290
1290
1295
1284
1284
1286
1284
1294
1287
1288
1281
1289
1292
1285
1298
1286
1293
1288
1290
1288
1292
1287
1283
1282
1283
1279
1285
1288
1287
1287
1292
1294
1291
1292
1282
1294
1286
1286
1283
1285
1282
1283
1290
1286
1293
1290
1285
1281
1291
1285
1284
1288
1288
1287
1287
1287
1297
1292
1282
1289
1287
1296
1308
1295
1289
1290
1287
1284
1298
1286
1282
1286
1282
1297
1289
1288
1289
1289
1288
1293
1295
1295
1287
1287
1287
1290
1298
1297
1296
1288
1289
1301
1296
1290
1292
1291
1288
1283
1293
1287
1291
1288
1291
1444
1305
1294
1292
1287
1289
1285
1294
1294
1286
1290
1282
1292
1293
1284
1289
1302
1286
1292
1304
1303
1290
1291
1289
1286
1293
1291
1293
1295
1287
1285
1290
1292
1291
1282
1287
1293
1294
1295
1296
1286
1281
1285
1291
1283
1287
1290
1285
1288
1294
1289
1296
1288
1288
1289
1296
1292
1294
1292
1293
1280
1297
1291
1298
1292
1293
1291
1294
1297
1309
1297
1295
1292
1292
1286
1286
1296
1286
1280
1290
1300
1293
1290
1290
1288
1285
1292
1288
1283
1297
1293
1296
1295
1294
1290
1286
1286
1286
1296
1293
1289
1287
1283
1296
1290
1285
1298
1287
1279
1290
1296
1286
1292
1295
1290
1289
1292
1287
1278
1287
1278
1290
1291
1293
1292
1295
1295
1296
1293
1289
1287
1285
1289
1289
1294
1286
1291
1284
1293
1291
1291
1281
1286
1291
1289
1290
1291
1286
1286
1288
1297
1577
1292
1304
1292
1291
1297
1298
1292
1286
1292
1288
1295
1498
1307
1294
1296
1289
1296
1296
1287
1287
1287
1288
1283
1292
1298
1288
1284
1288
1286
1300
1286
1290
1286
1293
1292
1295
1290
1282
1286
1286
1288
1292
1288
1293
1290
1282
1291
1284
1287
1298
1287
1288
1289
1282
1295
1292
1285
1289
1286
1297
1293
1292
1286
1285
1286
1293
1297
1288
1292
1287
1276
1289
1289
1288
1287
1288
1283
1286
1289
1289
1298
1290
1285
1296
1296
1294
1288
1290
1282
1290
1295
1286
1287
1283
1285
1290
1332
1300
1296
1294
1286
1282
1296
1287
1293
1290
1288
1282
1304
1290
1303
1291
1279
1290
1286
1305
1301
1294
1292
1290
1286
1297
1293
1293
1287
1282
1287
1291
1284
1292
1287
1290
1289
1287
1284
1276
1288
1290
1298
1287
