1318
1652
1409
1080
1804
1098
1097
1098
1444
1118
1476
1252
1765
1907
1964
1924
1957
1949
1927
1966
1933
1944
1876
1966
1296
2039
2063
2054
1407
1126
1127
975
1629
1121
1121
1126
1120
912
1706
1122
1111
1107
1118
1096
1857
1120
1113
1116
1112
1112
1596
1121
1108
1112
1114
1116
1362
1214
1115
1121
1121
1118
1163
1390
1101
1116
1113
1119
1034
1778
1118
1114
1111
1113
1125
1915
1128
1111
1110
1121
1102
1351
1201
1113
1113
1110
1115
1012
1563
1128
1113
1112
1118
1122
1906
1124
1107
1119
1115
1047
1537
1121
1108
1116
1117
1023
1822
1113
1122
1114
1114
1115
1902
1123
1119
1115
1123
1115
1407
1193
1121
1126
1115
1108
1096
1546
1118
1110
1116
1111
1110
1886
1136
1128
1116
1122
1115
1835
1118
1128
1113
1128
1116
1315
1279
1114
1123
1112
1142
1328
1623
1113
1115
1124
1114
981
1852
1112
1110
1109
1116
1222
1499
1120
1114
1125
1120
948
1677
1113
1113
1121
1125
1116
1967
1124
1120
1120
1116
1109
1497
1123
1112
1123
1118
1117
1174
1872
1925
1807
1816
1818
1889
1836
1825
1527
1122
1118
1114
1126
1019
1811
1119
1114
1113
1116
1171
1494
1114
1120
1117
1115
1116
1116
1918
1220
1114
1116
1120
1140
1607
1113
1120
1117
1108
1931
1118
1114
1109
1118
1070
2152
1119
1122
1116
1116
1106
1511
1122
1121
1120
1110
1127
1144
1486
1114
1129
1113
1125
1432
1475
1118
1105
1135
1122
1610
1134
1114
1123
1122
1113
1028
1818
1117
1111
1122
1119
1111
1895
1124
1131
1118
1104
1114
1785
1114
1113
1118
1130
1144
1851
1127
1122
1126
1086
1120
1705
1171
1114
1118
1125
1119
1142
1433
1122
1122
1125
1111
1637
1121
1109
1118
1158
1113
1211
1503
1116
1121
1115
1118
973
1642
1118
1115
1118
1123
1119
1060
2120
1114
1124
1116
1080
1884
1122
1116
1689
1123
957
1762
1122
1124
1119
1117
1117
1921
1118
1121
1124
1128
909
1656
1114
1113
1121
1112
1116
1794
1900
1934
1919
1946
1947
1940
1928
1981
1959
1914
1192
1982
1123
1130
1082
2045
2053
2063
1482
1167
1003
1897
1117
1118
1133
1119
1124
1844
1116
1114
1120
1116
1118
1854
1117
1126
1112
1120
1122
1529
1126
1112
1116
1119
1116
1146
1481
1123
1121
1115
1161
1370
1598
1122
1116
1124
1109
1018
1792
1121
1122
1129
1117
1112
1923
1118
1118
1123
1119
1008
1563
1115
1127
1148
1120
1132
1460
1160
1106
1133
1126
1120
1886
1124
1122
1156
1176
1149
1987
1111
1201
1123
1453
1115
1490
1149
1123
1105
1124
1132
1514
1428
1882
1165
1124
1114
1168
1897
1117
1150
1151
1996
1142
1075
1173
1120
1112
1130
1344
1922
1180
1148
1113
911
1893
1144
1165
1164
1034
2013
1112
1124
1156
1122
1115
1865
1116
1126
1128
1121
1113
1360
1253
1109
1118
1116
1120
1058
1522
1116
1127
1133
1129
1461
1137
1134
1117
1114
1116
1253
1368
1108
1113
1114
1129
1018
1569
1102
1118
1111
1104
1046
1854
1115
1112
1130
1115
1126
1850
1119
1116
1113
1117
1138
1433
1200
1143
1118
1128
1091
1331
1599
1124
1115
1116
1097
1296
1627
1119
1235
1163
1146
1358
1555
1123
1120
1121
1148
1234
1714
1116
1127
1152
1143
989
1621
1125
1104
1132
1118
1449
1156
1127
1117
1116
1118
1187
1853
1103
1123
1116
1119
1230
1356
1113
1123
1111
1115
917
1702
1119
1115
1125
1111
1127
1983
1110
1118
1109
1114
1124
1609
1117
1128
1117
1116
1112
1176
1393
1115
1120
1112
1133
953
1750
1113
1126
1108
1157
1011
1836
1110
1111
1116
1139
941
1890
1159
1111
1149
1107
1221
1371
1116
1114
1130
1115
1725
1523
1104
1119
1132
1030
1912
1920
1133
1147
1088
1068
1881
1953
1148
1130
1890
1913
1595
1144
1124
1693
1886
1458
1108
1132
1123
1910
1929
1174
1147
1058
1955
3173
1106
1110
1137
1125
1910
1308
1188
1132
1216
1985
1639
1135
1173
1300
1845
1839
1124
1252
1469
1136
1783
1418
1361
1144
1114
1266
1929
1017
1209
1116
1101
1919
1163
1070
1291
1118
1824
1118
1125
1118
1445
1106
1557
1126
1112
1122
1283
1128
1321
1327
1118
1098
1378
1141
1761
1207
1149
1156
1427
1217
1783
1135
1122
1282
1175
1125
1534
1129
1112
1466
1154
1128
902
1991
1107
1410
1152
1133
1720
1565
959
1124
1127
1212
2067
1162
1406
1044
2177
1120
1088
1221
1486
1118
964
1929
1170
1071
1124
1080
1896
1126
1116
929
1237
1119
1911
1116
1120
1413
1123
1136
1462
1124
1123
1572
1191
1075
1916
1110
1132
1243
1116
1113
1240
2058
1101
1291
1107
1652
1109
1129
1109
1311
1121
1628
1118
1126
1102
1224
1128
929
1735
1122
1114
1322
1118
1305
1334
1111
1114
1304
1141
1310
1615
1118
1123
1215
1118
1037
1568
1111
1118
1299
1112
903
1686
1123
1112
1329
1118
1066
1858
1125
1104
1221
1110
1106
1901
1108
1117
1555
1130
1109
1873
1115
1127
1319
1110
978
1596
1102
1114
1196
1132
1102
1944
1128
1107
951
1203
1115
1987
1105
1110
1108
1311
1114
1109
1922
1343
1029
1120
1116
1919
1109
1113
1044
1172
1119
1557
1127
1101
1304
1125
1119
1777
1126
1118
1309
1118
1026
1854
1113
1121
1005
1111
1124
1932
1124
1135
1103
1322
1141
1118
1711
1473
937
1122
1117
1936
1114
1110
1108
1204
1120
1898
1121
1110
1106
1292
1127
1365
1208
1113
1102
1114
1127
1907
1116
1115
1075
1178
1124
1077
1500
1128
1122
1297
1131
1080
1522
1121
1127
1289
1122
1065
1585
1153
1107
1222
1160
1468
1432
1105
1119
1334
1106
987
1806
1121
1112
1286
1106
1098
953
2049
966
1114
1121
1085
1506
1113
1097
1186
1118
1280
1342
1110
1104
1293
1101
1117
1156
1990
1093
1259
1122
1784
1111
1128
1102
1227
1120
1392
1183
1112
1120
1298
1108
1408
1193
1114
1125
1313
1128
1107
1958
1113
1146
1111
1128
1130
1762
1106
1109
1118
1109
1166
1393
1110
1108
1109
1176
1415
1508
1139
1081
1115
1126
1237
1639
1124
1120
1103
1124
1121
1925
1115
1125
1142
1131
1031
1848
1127
1122
1129
1114
1095
1332
1311
1118
1122
1111
1113
1106
1432
1712
1131
1124
1111
1734
1113
1123
1123
1118
1116
1531
1112
1116
1106
1108
1115
1407
1180
1107
1117
1128
1129
1590
1314
1121
1114
1127
1111
1006
1530
1109
1107
1132
1107
1113
1920
1107
1121
1122
1108
1107
1704
1162
1107
1128
1144
1111
1251
1347
1112
1091
1126
1104
941
1659
1122
1117
1142
1206
1057
1820
1116
1108
1122
1109
1562
1277
1116
1110
1114
1136
1490
1417
1114
1112
1131
1129
1391
1513
1117
1103
1121
1091
1256
1644
1116
1109
1138
1107
1114
1971
1115
1117
1116
1117
1108
1611
1115
1112
1129
1106
1108
1910
1116
1098
1125
1115
1128
1618
1121
1121
1112
1108
1115
1132
1419
1108
1111
1123
1117
1112
1905
1117
1102
1112
1105
999
1764
1105
1116
1118
1113
1109
1121
1449
1141
1152
1111
1129
1116
1640
1487
1143
1118
1119
1514
1198
1108
1122
1116
1071
2144
1116
1112
1128
1109
1106
1389
1192
1118
1117
1108
1111
1022
1526
1128
1116
1120
1116
1116
1894
1115
1102
1119
1105
1116
1446
1121
1108
1115
1108
1115
1841
1114
1115
1097
1099
1162
1298
1300
1119
1111
1135
1083
1291
1588
1103
1087
1120
1142
1286
1634
1114
1103
1107
1132
1305
1627
1112
1117
1297
1843
1933
1949
1960
1944
1936
1132
1122
1148
1119
983
1790
1126
1102
1113
1116
1693
1114
1112
1040
1107
1115
1334
1248
1115
1123
1134
1108
1015
1544
1116
1113
1146
1101
1058
1889
1119
1110
1100
1132
1126
1261
1867
1876
1890
1957
1794
1771
1225
1317
1090
1109
1122
1045
2065
1093
1085
1310
1120
1084
1641
1089
1090
1084
1150
1080
1023
1477
1261
1095
1159
1117
977
1761
1086
1091
1101
1111
1101
1785
1093
1091
1076
1128
1085
1216
1315
1095
1098
1162
1098
1145
1570
1103
1092
1118
1097
1089
1870
1094
1097
1109
1316
1096
1632
1119
1085
1081
1136
1118
1637
1214
1066
1262
1130
1091
1717
1379
1088
1110
1151
1083
1095
1158
2083
1116
1092
1093
1179
1376
1094
1088
1097
1110
1227
1609
1085
1069
1094
1133
1073
1756
1086
1089
1124
1118
964
1928
1091
1090
1117
1094
1091
1444
1128
1083
1121
1090
1087
1066
1511
1098
1112
1149
1088
1408
1136
1282
1079
1146
1164
1708
1438
1082
1123
1218
1089
1766
1447
1234
1113
1085
1107
1110
1883
1260
1188
1099
1278
1976
1093
1134
1211
1092
1106
1088
1106
1246
1707
1272
1086
1399
1832
1833
1844
1846
1861
1847
1858
2028
1530
1893
1876
1966
1328
1625
1249
1010
1405
956
1883
1868
1868
1887
1903
1890
2112
1142
1037
1138
1154
935
1090
1103
1152
1882
1877
1839
1133
1124
1712
1931
1226
1114
1128
1846
1922
1893
1897
1980
1374
1135
988
1648
1105
1759
1891
1873
1888
2027
1146
1093
2182
1240
1911
1924
1560
2011
1081
1907
1935
1936
1136
1130
1204
1148
1086
1030
1902
1885
1379
1042
1096
1947
1762
1162
1433
1519
1112
1245
1022
1253
1106
923
1879
1898
1881
1894
2077
1241
1615
1438
980
1890
1847
1246
1324
895
1560
1409
1477
1772
1726
1957
1412
1119
1211
1116
1464
1892
2021
1034
1963
1694
1747
1767
1115
935
1881
1867
1892
1477
1126
1109
1104
1108
1105
1540
1894
1568
1121
996
1893
2016
1115
1503
1775
1902
1897
1192
1098
1752
1895
1915
1852
1885
1122
1117
1108
1112
1104
1112
1484
1905
1930
1257
1198
1772
1900
1894
1943
1405
1127
1066
998
1481
961
1916
1980
1231
1141
1451
1946
1989
1983
2116
1154
1106
1136
1179
1157
1860
2251
1788
1804
1139
1131
1206
1129
1161
1152
1409
1899
1542
1128
1125
1123
1904
1915
1892
1900
1496
1025
1237
1127
1103
1849
1903
2044
1144
1123
1440
1923
1582
1123
1963
1127
1125
1122
1133
1118
1081
1932
2108
1154
1126
960
1923
2003
1210
1139
910
1933
1861
1522
1215
1130
1837
1910
1253
1142
1131
1215
1947
1612
1187
1134
1503
1929
1696
1181
1175
1374
1919
1777
1199
1121
1170
1948
1811
1176
1121
1327
1915
1662
1183
1141
1424
1931
1508
1202
1116
926
1941
2080
1135
1133
1437
1920
1256
1224
1155
1562
1924
1989
1134
1126
998
1937
1805
1134
1130
1123
1630
1936
1134
1117
1126
1382
1936
1429
1247
1120
925
1920
1914
1206
1124
1009
1934
2009
1130
1134
1114
1436
1936
1717
1199
1476
1920
2074
1146
1122
1124
1315
1924
1632
1126
1141
1352
1923
1496
1203
1161
1979
1962
1217
1071
2127
1131
1119
1118
1114
1116
1102
1513
1123
1117
1120
1114
940
1619
1124
1111
1114
1119
920
1763
1110
1114
1114
1163
1081
1532
1115
1121
1116
1117
1118
1470
1153
1113
1120
1114
1126
1120
1432
1105
1115
1119
1115
910
1632
1115
1069
1141
1111
1014
1820
1112
1117
1119
1119
1107
1915
1111
1118
1111
1142
955
1890
1110
1114
1122
1110
1110
1847
1129
1104
1111
1116
1111
1741
1115
1128
1115
1135
1167
1262
1320
1123
1124
1120
1111
934
1734
1114
1122
1115
1117
1111
1956
1150
1135
1160
1141
975
1358
2081
1118
1112
1138
1366
1530
1125
1529
1119
1104
1132
1471
1121
1117
1118
1115
926
1738
1110
1070
1124
1111
1398
1195
1120
1120
1121
1105
1133
1451
1109
1111
1128
1134
915
1696
1124
1111
1114
1114
1112
1910
1132
1141
1112
1115
1109
1679
1121
1092
1158
1111
1118
1333
1258
1156
1114
1116
1182
1107
1471
1115
1121
1123
1177
921
1735
1135
1110
1138
1118
1107
1843
1115
1103
1162
1132
1111
1867
1124
1140
1115
1136
1103
1630
1111
1109
1138
1128
1139
1285
1339
1180
1096
1111
1092
1062
1528
1137
1118
1145
1106
959
1776
1123
1099
1111
1127
1156
1459
1139
1126
1105
1129
882
1720
1105
1133
1105
1106
1178
1727
1117
1140
1119
1107
1155
1824
1115
1110
1110
1141
1103
914
1948
1896
1500
1108
1125
1119
1116
1117
1119
1132
1125
1910
1123
1115
1114
1110
1024
1788
1126
1118
1124
1121
1119
1885
1116
1120
1104
1117
1113
1383
1193
1508
1143
1124
1128
1975
1139
1139
1109
1094
1105
1838
1106
1136
1111
1109
1124
1305
1297
1120
1117
1102
1112
1002
1594
1119
1107
1117
1113
1112
1951
1110
1114
1115
1126
1110
1832
1108
1115
1141
1083
1124
1946
1170
1129
1105
1114
952
1750
1127
1132
1116
1104
1095
1893
1123
1113
1111
1112
1138
1675
1177
1108
1108
1110
1150
1886
1107
1124
1117
1113
1116
1311
1269
1109
1131
1108
1116
1014
1567
1104
1143
1119
1145
1042
1838
1140
1110
1112
1132
1120
1892
1112
1108
1105
1131
1124
1737
1107
1135
1118
1108
1111
1196
957
2125
1107
939
1632
1366
1245
1118
1107
1101
1116
1872
1114
1109
1118
1139
1108
1526
1113
1111
1107
1122
1111
1174
1390
1130
1108
1125
1114
892
1732
1105
1125
1119
1126
1103
1781
1119
1111
1122
1118
1051
1797
1128
1113
1112
1111
1106
1905
1112
1134
1124
1112
1144
1044
1878
1882
1878
1876
1885
1383
1114
1199
1087
1901
1117
1170
1119
1127
1111
1892
1112
1123
1139
1107
1124
1876
1117
1110
1117
1085
1171
1851
1122
1094
1113
1105
1115
1654
1186
1118
1119
1117
1138
1437
1336
1118
1130
1112
1162
1206
1371
1084
1150
1112
1191
1145
1432
1153
1153
1113
1145
1099
1485
1113
1158
1474
1134
1071
1532
1120
1111
1126
1091
1861
1462
1130
1114
1209
1124
1166
1440
1108
1167
1109
1125
893
1707
1116
1096
1176
1109
1122
1906
1141
1118
1134
1113
1109
1481
1124
1081
1122
1128
1110
1285
1314
1170
1110
1116
1101
949
1613
1104
1152
1124
1115
1386
1841
1117
1085
1146
1125
1657
1121
1130
1158
1152
1324
1498
1188
1126
1161
1202
1155
1916
1141
1152
1151
1365
1134
1401
1207
1102
1166
1114
1075
1692
1236
1276
1157
1142
1127
1948
1125
1116
1156
1128
1131
1399
1213
1119
1116
1150
1124
1924
1113
1117
1107
1119
1055
2066
1113
1130
1149
1110
1092
1800
1105
1138
1185
1115
1140
1382
1195
1141
1161
1105
1106
1174
1459
1110
1129
1153
1103
940
1618
1111
1182
1105
1154
1097
1922
1156
1578
1167
1088
1310
1548
1150
1138
1137
1148
1056
2041
1108
1118
1139
1150
1456
1245
1841
1126
1157
1113
1615
1012
1432
1125
1168
1181
2035
1111
1121
1121
1159
1186
2024
1117
1135
1115
1155
1129
1914
1108
1113
1113
1154
1052
2147
1135
1131
1120
1118
1098
1488
1112
1095
1118
1133
1101
1190
1419
1117
1115
1115
1102
948
1649
1110
1115
1109
1138
1109
1913
1119
1108
1110
1123
1125
1689
1144
1115
1185
1126
1116
1992
1103
1131
1116
1152
1109
1981
1114
1118
1170
1113
936
1714
1117
1127
1126
1167
1128
1914
1135
1114
1114
1109
1129
1798
1129
1107
1115
1116
1108
1464
1227
1113
1164
1115
1129
1594
1368
1124
1118
1117
1136
1635
1265
1128
1136
1116
1110
1410
1240
1108
1144
1095
1111
1688
1262
1132
1097
1117
1119
1258
1328
1132
1148
1115
1132
1156
1712
1919
1954
1148
1414
1245
1117
1113
1175
1121
1111
1538
1106
1118
1112
1138
1018
1844
1105
1108
1115
1106
1161
1909
1117
1114
1124
1184
947
2026
1120
1116
1200
1109
881
1653
1114
1114
1109
1107
1103
1935
1103
1168
1102
1112
1113
1471
1153
1125
1121
1154
1119
1058
1562
1110
1105
1150
1110
1413
1227
1156
1133
1115
1112
1172
1461
1111
1072
1133
1113
1034
1839
1106
1145
1153
1116
984
1984
1106
1120
1174
1133
1110
1820
1109
1113
1112
1136
1102
1811
1120
1112
1115
1137
1098
1894
1125
1141
1108
1108
1106
1950
1135
1117
1149
1112
1
1864
1095
1150
1114
1104
1114
1901
1155
1105
1111
1107
1112
1008
1633
1141
1104
1115
1108
1065
1570
1121
1077
1138
1114
1116
1142
1744
1205
1126
1115
1308
1289
1105
1122
1147
1114
997
1625
1116
1112
1144
1086
1229
1758
1117
1132
1143
1113
1155
1897
1117
1110
1100
1105
1108
1162
1460
1123
1133
1117
1114
1250
1354
1101
1103
1103
1132
1197
1437
1118
1099
1102
1100
930
1809
1113
1121
1123
1100
1112
1883
1136
1161
1126
1102
1111
1557
1125
1126
1164
1119
1105
1211
1360
1134
1108
1109
1155
1428
1497
1131
1104
1100
1002
2014
1124
1130
1117
1110
996
1968
1107
1210
1107
1138
1105
1919
1152
1119
1119
1134
1143
1755
1160
1114
1124
1127
1122
1353
1293
1126
1109
1115
1126
1116
954
1800
1095
1162
1110
913
1669
1134
1154
1157
1108
1107
1899
1114
1106
1150
1111
1112
1690
1112
1162
1107
1152
1110
1249
1343
1110
1176
1123
1112
1397
1173
1136
1124
1145
1113
1016
1540
1136
1158
1116
1152
1020
1837
1117
1156
1101
1122
931
1924
1112
1118
1140
1122
1126
1903
1134
1113
1128
1103
1114
1755
1112
1130
1108
1121
1170
1433
1117
1080
1160
1111
1133
1187
1421
1111
1128
1120
1112
917
1663
1147
1112
1127
1178
1124
1918
1125
1142
1111
1140
1107
1121
2062
1134
1104
1097
1118
1570
1148
1109
1153
1159
1146
1271
1448
1114
1082
1112
1191
1079
1977
1664
1142
1141
1828
1126
1064
1118
1106
1169
1497
1155
1114
1187
1110
1096
1267
1307
1148
1112
1124
1105
1027
1565
1129
1159
1109
1117
1140
1905
1115
1079
1115
1127
1104
1774
1107
1106
1106
1103
1104
1276
1320
1096
1099
1100
1133
994
1887
1176
1110
1170
1115
1104
1156
1764
1082
1124
1113
969
1748
1155
1107
1116
1118
1330
1293
1115
1108
1136
1134
1478
1456
1114
1112
1114
1113
976
1602
1109
1131
1132
1085
1207
1722
1169
1111
1141
1851
1729
1186
1112
1066
1892
1140
1460
1116
967
2078
1134
1493
1119
1113
1101
1862
1157
1472
1130
1113
1768
1180
1905
1129
1114
1575
1374
903
1678
1115
1121
1762
1190
1931
1107
1109
1452
1499
1530
1141
1185
2131
1222
1439
1851
1121
1127
1111
1113
1616
1117
1111
1170
1107
1115
1262
1329
1111
1073
1168
980
1626
1345
1116
1117
1114
994
1921
1119
1113
1115
1311
1110
1891
1110
1095
1157
1121
1113
1461
1120
1077
1307
1108
1321
1437
1117
1098
1128
1123
1111
1112
1905
1903
1808
1116
1947
1113
1109
1018
1133
1106
1774
1111
1112
1330
1113
1117
1455
1183
1121
1318
1117
1118
1742
1114
1110
1225
1110
1107
1364
1189
1184
1195
1190
1116
1275
1300
1125
915
1121
1149
1597
1304
1115
1109
1213
1109
1720
1110
1111
1115
1318
1078
2167
1113
1113
1373
1111
1111
1831
1114
1111
1318
1143
1031
2136
1112
1115
1228
1124
1109
1690
1113
1113
1309
1122
1109
1485
1112
1108
1243
1116
1120
1383
1194
1119
1193
1110
1106
1195
1368
1109
984
1226
1111
1080
1497
1116
1139
1298
1108
1020
1529
1092
1109
1228
1135
923
1750
1112
1114
1401
1139
1309
1570
1111
1113
1314
1106
893
1671
1109
1005
1115
1109
1021
1552
1166
2185
1280
1114
1021
2124
1115
1096
1157
937
1633
1114
1110
1105
1113
1108
1933
1106
1104
1106
1133
990
2079
1118
1110
1110
1111
1108
1597
1147
1125
1107
1115
1106
1287
1302
1116
1106
1114
1106
1022
1553
1106
1105
1109
1112
1042
1828
1108
1112
1107
1106
1128
1881
1106
1109
1112
1023
1163
1898
1117
1107
1088
1111
1109
1491
1118
1109
1116
1109
1110
1439
1155
1100
1072
1179
1114
1293
1285
1107
1133
1107
1111
1001
1573
1121
1107
1108
1105
1059
1856
1111
1109
1108
1111
1106
1806
1180
1112
1108
1114
1107
1424
1186
1113
1108
1091
1114
1461
1131
1092
1116
1109
1125
1126
1919
1111
1130
1143
1130
968
1925
1118
1110
1132
1107
1134
1883
1130
1109
1119
1113
1109
1631
1119
1256
1109
1111
1112
1357
1307
1111
1111
1107
1113
1148
1431
1108
1117
1106
1105
915
1704
1114
1110
1109
1110
1109
1937
1114
1113
1110
1147
1074
2148
1118
1114
1107
1110
1038
1515
1109
1114
1107
1105
1042
1871
1106
1110
1110
1090
1114
1897
1113
1111
1176
1110
1152
1111
1446
1101
1134
1131
1115
1775
1151
1162
1130
1174
1105
1356
1240
1151
1128
1109
1141
1526
1354
1116
1155
1124
1113
1051
1554
1128
1118
1155
1162
1149
1510
1111
1130
1152
1125
1076
1555
1173
1116
1157
1185
908
1730
1130
1140
1137
1158
1238
1646
1121
1140
1153
1157
1006
1718
1132
1134
1146
1125
1092
1835
1182
1117
1146
1129
1122
1919
1477
1167
1148
1148
1022
1820
1140
1126
1152
1176
1132
1915
1164
1144
1149
971
2112
1545
1141
1139
1139
1135
1133
1427
1544
1146
1173
984
1718
1156
1125
1166
1139
1062
1819
1109
1197
1142
1153
1145
1897
1130
1154
1184
1110
1161
1926
1148
1166
1153
1147
1168
1933
1172
1150
1358
1156
1194
1934
1135
1116
1342
1104
1167
1941
1138
1145
1249
1161
1046
1838
1152
1141
1572
1138
1080
1504
1135
1141
1543
1208
1242
1401
1113
957
1346
1128
1413
1159
1139
994
1158
1133
1895
1122
1113
1371
1105
1185
1907
1138
1103
1225
1179
1113
1900
1162
1128
1341
1169
1118
1912
1115
1131
1491
1136
1067
1842
1135
1122
1473
1143
1003
1724
1149
1116
1272
1143
1487
1435
1123
924
1120
1128
1149
1436
1126
1042
1227
1121
1078
1504
1116
1123
1209
1122
913
1696
1133
1119
1296
1110
1031
1843
1124
1111
1303
1125
1108
1988
1111
1189
1192
1169
1558
1387
1117
1120
1301
1140
1738
1139
1122
1131
1280
1118
1401
1219
1119
1156
1102
1115
1797
1150
1122
1207
1152
1112
2055
1119
1127
1287
1132
1118
1668
1120
1128
1272
1117
1118
1391
1216
1113
1188
1118
1114
1211
1413
1155
955
1118
1182
1658
1260
1120
1256
1094
1125
1827
1115
1158
1195
1122
1136
1439
1180
1135
1276
1153
1112
1790
1102
1155
1272
1115
1162
1650
1117
1148
1201
1101
1119
1919
1116
1113
1287
1130
1109
1691
1112
1164
1286
1164
1111
1503
1161
1119
1192
1109
1110
1315
1288
1126
1036
1096
1118
1917
1137
1115
1310
1142
1061
2106
1184
1117
1446
1142
1018
1835
1148
1106
1315
1119
1117
921
2094
1074
1431
1121
1041
1568
1136
1163
1379
1147
1537
1387
1115
1053
1105
1125
1901
1126
1119
1035
1291
1123
1923
1110
1120
1447
1113
1116
1886
1146
1138
1320
1103
1116
1893
1118
1118
1494
1133
951
1922
1122
1120
1359
1111
1126
1902
1114
1110
1243
1108
1126
1889
1128
1111
1340
1119
1112
1799
1113
1124
1329
1117
1116
1455
1137
1121
1221
1108
1143
1255
1378
1103
928
1122
1159
1243
1344
1110
894
1099
1194
1702
1142
1113
1361
1138
1106
1883
1127
1108
1225
1113
1136
1823
1115
1166
1331
1157
1199
1727
1128
1130
1384
1129
938
1696
1126
1123
1265
1130
1028
1816
1132
1137
1327
1138
1119
1885
1136
1129
1357
1137
1128
1905
1138
1139
1253
1128
1147
1902
1129
1129
1330
1119
1129
1912
1129
1125
1318
1127
1139
1714
1121
1129
1243
1128
951
1644
1131
1124
1349
1137
923
1699
1129
1132
1389
1109
1373
1535
1140
1057
1165
1126
1031
1576
1138
1130
1332
1121
975
1568
1138
1135
1351
1132
948
1719
1139
1136
1346
1122
943
1723
1136
1124
1248
1130
1041
1820
1126
1143
1342
1144
1081
1858
1175
1130
1339
1207
1074
1862
1130
1150
1241
1128
1158
1940
1166
1124
1347
1165
1923
1168
1145
1127
1330
1117
2104
1128
1133
1227
1144
1039
1937
1108
1114
1241
1112
1111
1831
1116
1109
1115
1195
1119
2049
1116
1109
1099
1153
1108
1843
1149
1114
1106
1153
1081
2151
1110
1118
1111
1114
1099
1474
1169
1112
1126
1111
1199
1686
1301
1137
1112
1131
1163
1122
1489
1465
1119
1112
1128
1299
1333
1100
1116
1181
1131
1563
1377
1122
1110
1126
1109
1023
1558
1129
1109
1110
1175
1614
1200
1103
1130
1112
1124
1790
1122
1110
1083
1116
1108
1278
1346
1193
1119
1115
1113
1570
1330
1120
1111
1103
1119
890
1729
1112
1105
1106
1156
1060
1760
1112
1112
1112
1117
1131
1887
1120
1107
1196
1106
1113
1812
1119
1075
1137
1115
909
1702
1098
1105
1146
1117
1117
1933
1115
1111
1153
1122
1012
2119
1112
1104
1114
1109
1151
1685
1124
1132
1115
1109
1142
1395
1488
1121
1129
1083
1112
1687
1228
1148
1114
1126
1108
1539
1321
1106
1077
1161
1113
1916
1110
1103
1125
1145
1116
1504
1159
1109
1124
1130
1106
1736
1212
1112
1106
1110
1109
1192
1937
1872
1228
1116
1424
1234
1071
1132
1118
1150
1411
1163
1119
1122
1120
1110
1399
1209
1109
1123
1126
1111
1121
1478
1112
1141
1119
1132
1509
1488
1115
1110
1114
1133
1427
1472
1122
1112
1112
1118
939
1632
1111
1152
1124
1116
1096
1906
1111
1103
1125
1107
1136
1928
1109
1180
1123
1119
970
1737
1115
1095
1172
1106
1111
1901
1122
1112
1144
1111
1109
1639
1117
1116
1127
1105
1176
1363
1307
1085
1179
1131
1116
1113
1546
1109
1136
1122
1136
1314
1571
1118
1110
1111
1068
1070
1850
1140
1113
1111
1110
1136
1902
1115
1118
1106
953
1049
1630
1109
1114
1150
1108
920
1615
1116
1106
1117
1112
1132
1965
1123
1111
1116
1118
1107
1378
1225
1142
1130
1487
1109
1178
1341
1590
1138
1119
1107
1443
1214
1172
1137
1113
1111
1174
1453
1171
1116
1122
984
1947
1125
1112
1116
1113
1109
1922
1172
1121
1109
1164
1108
1461
1112
1170
1111
1119
1107
1359
1212
1097
1136
1111
1119
1151
1404
1182
1124
1113
1105
937
1624
1160
1120
1118
1117
1072
1891
1117
1131
1142
1106
1109
1898
1113
1114
1173
1140
1025
1180
1323
1126
1131
1103
1135
1540
1366
1095
1210
1104
1119
1878
1121
1109
1128
1110
1120
1439
1217
1110
1126
1094
1113
1705
1197
1112
1112
1135
1117
1259
1335
1101
1110
1124
1128
1032
1584
1114
1129
1122
1151
936
1740
1142
1122
1125
1110
1140
1926
1172
1348
1544
1460
1720
1119
1117
1241
1704
1348
1264
1112
917
2020
1115
1620
1121
1124
1166
1827
1183
1420
1108
970
2137
1123
2106
1130
1127
1308
1647
1372
1211
1112
1008
1951
1057
1531
1118
1094
2103
1131
1320
1307
1118
937
1992
1025
1556
1143
1098
2054
1121
1283
1364
1101
982
1991
1047
1540
1117
1094
2012
1044
1830
1110
1098
1613
1327
946
1628
1111
1108
1835
1151
1909
1123
1105
1537
1416
910
1706
1108
1107
1711
1228
1893
1116
1109
1392
1552
1474
1132
1113
1103
1604
1365
1858
1120
1119
1337
1633
2031
1120
1110
1262
1703
1118
1925
1111
1109
1432
1527
1554
1133
1108
1140
1815
1211
1376
1113
988
2139
1118
1434
1149
1128
1058
1904
1116
1467
1114
1003
2129
1120
1389
1266
1120
1078
1870
1115
1240
1700
1271
1708
1115
1923
1135
1114
1473
1486
1596
1114
1125
1176
1794
1113
1911
1122
1117
1376
1578
1458
1132
1123
1094
1864
1171
1434
1121
1012
2140
1112
1429
1234
1111
1085
1893
1656
1254
1116
997
1955
1110
1697
1128
1126
1237
1728
1329
1307
1119
990
1983
1609
1353
1111
964
2008
1056
2120
1134
1112
1457
1471
2142
1122
1113
1435
1551
1282
1657
1132
1112
1978
1091
1886
1119
1137
1628
1338
1909
1120
1122
1358
1615
1127
1902
1128
1166
1614
1384
1899
1119
1110
1349
1589
1490
1120
1150
1124
1646
1304
1904
1119
1123
1329
1647
1413
1216
1116
1092
1896
958
1993
1135
1121
1521
1454
1736
1162
1111
1085
1920
1642
1285
1129
1059
1930
1124
1665
1139
1086
2080
1130
1832
1135
1103
1194
1780
1285
1307
1103
942
2050
1139
1528
1132
1122
1170
1816
1230
1364
1114
959
2131
926
1653
1129
1121
1812
1159
1173
1490
1113
1121
1911
1654
1261
1108
1102
1865
1141
1905
1133
1114
1323
1650
1436
1197
1125
1087
1903
1135
1869
1127
1134
1321
1673
1391
1218
1132
1088
1907
1155
1476
1110
1015
2116
1157
2021
1157
1109
1308
1679
1967
1115
1114
1238
1742
1331
1289
1118
918
2024
1042
2172
1112
1137
1107
1129
1108
1649
1112
1120
1122
1115
1137
1285
1332
1155
1114
1127
1102
1154
1455
1137
1155
1111
1133
1164
1698
1302
1129
1175
1108
1757
1150
1166
1112
1147
1109
1895
1177
1098
1543
1474
994
1787
1134
949
2016
1115
1684
1124
1121
1168
1796
1189
1434
1114
956
2103
1114
2083
1132
1136
1110
1110
1119
1560
1165
1128
1116
1100
1003
1740
1116
1110
1117
1140
1109
1930
1143
1101
1134
1132
939
1981
1119
1144
1138
1139
1110
1838
1115
1119
1155
1110
1150
1589
1158
1107
1126
1096
1172
1851
1214
1114
1172
1113
1150
2018
1168
1118
1108
1146
1121
1437
1206
1113
1155
1087
1111
1783
1174
1115
1113
1110
1145
1307
1296
1121
1144
1163
1127
1178
1525
1174
1111
1147
1150
1369
1292
1141
1125
1101
1127
1880
1153
1098
1127
1162
1091
1677
1111
1116
1142
1109
1172
1454
1220
1157
1106
1155
1123
1378
1241
1104
1113
1123
1113
1139
1444
1132
1139
1133
1112
900
1707
1111
1098
1163
1109
947
1725
1099
1096
1133
1133
931
1704
1117
1115
1155
1137
1300
1652
1108
1156
1117
1143
982
1769
1127
1119
1107
1150
1146
1905
1119
1124
1090
1116
1117
1642
1127
1079
1138
1148
1133
2001
1149
1113
1146
1098
1117
1477
1177
1128
1101
1132
1124
1271
1335
1113
1153
1110
1127
1151
1478
1170
1108
1115
1127
935
1702
1150
1121
1097
1133
1108
1913
1110
1107
1149
1111
1124
1878
1116
1119
1176
1106
1133
1445
1202
1122
1110
1105
1199
1390
1237
1139
1173
1110
1097
1782
1169
1186
1137
1110
956
1690
1096
1143
1130
1128
1086
1895
1131
1112
1092
1146
1124
1932
1104
1128
1126
1123
1116
1172
1775
1237
1164
1107
1155
1821
1132
1114
1126
1117
1091
1387
1155
1102
1129
1140
1110
1266
1389
1121
1112
1130
1112
1125
1479
1108
1164
1130
1175
1037
1839
1131
1134
1172
1151
1180
1854
1163
1119
1174
1152
1171
1889
1105
1121
1130
1137
1266
1390
1112
1147
1116
1172
1546
1396
1117
1145
1120
1101
1179
1458
1176
1110
1157
1133
1029
1597
1151
1147
1146
1181
912
1763
1117
1139
1121
1139
1092
1881
1111
1132
1139
1130
1143
1954
1176
1141
1207
1171
1171
1961
1095
1146
1135
1126
1093
1920
1116
1131
1138
1112
976
2129
1130
1107
1202
1168
1131
1893
1133
1114
1126
1184
1127
2094
1109
1129
1157
1150
1022
2177
1107
1125
1123
1134
1137
1799
1124
1087
1130
1124
938
1679
1140
1106
1133
1115
1101
1865
1076
1155
1070
1189
1119
1514
1254
1140
1171
1136
1126
2123
1114
1206
1158
1071
1323
1779
1184
1152
1178
1136
944
1734
1186
1125
1302
1148
1598
1354
1102
1157
1102
1133
1168
1474
1219
1199
1134
1160
1988
1168
1118
1108
1140
1080
2098
1125
1114
1126
1142
1119
1532
1122
1083
1111
1137
1128
1275
1326
1115
1138
1111
1098
1071
1482
1103
1113
1126
1134
946
1732
1155
1156
1085
1170
1018
1834
1124
1140
1125
1135
1134
1917
1123
1114
1116
1137
1113
1836
1102
1157
1132
1165
1126
1383
1319
1149
1128
1196
1227
1709
1116
1143
1117
1155
1285
1622
1115
1151
1118
1152
1402
1516
1122
1112
1135
1163
1011
1594
1147
1127
1087
1127
1119
1150
1893
1100
1138
1147
1130
1898
1178
1140
1133
1073
1163
1827
1160
1108
1176
1122
1144
1545
1140
1111
1142
1100
981
1782
1142
1202
1127
1158
1247
1705
1135
1133
1148
1136
975
1626
1110
1147
1178
1124
1157
1907
1138
1179
1127
1152
1307
1619
1116
1145
1164
1157
1396
1583
1118
1131
1125
1116
1126
1535
1149
1119
1185
1138
1031
1704
1145
1143
1177
1180
1044
1873
1173
1145
1170
1147
1138
2066
1114
1097
1098
1148
1264
2039
1148
1130
1153
1168
1162
1980
1125
1122
1117
1192
1050
1953
1115
1150
1102
1193
1060
1780
1116
1105
1121
1149
1071
1798
1150
1123
1127
1162
1078
1818
1210
1140
1149
1141
1115
1531
1135
1185
1109
1137
1136
1013
1951
1207
1095
1130
1384
1583
1114
1149
1178
1142
966
1663
1134
1108
1132
1161
1017
1816
1134
1183
1187
1101
1120
1862
1129
1113
1114
1195
1216
1658
1111
1147
1170
1171
1099
1538
1112
1179
1126
1196
1083
1754
1124
1136
1121
1201
1075
1585
1109
1113
1149
1189
1256
1654
1118
1123
1127
1147
1280
1669
1168
1112
1110
1136
1110
1754
1112
1160
1093
1161
1138
1921
1137
1196
1151
1138
1531
1438
1181
1108
1111
1114
898
1732
1110
1134
1139
1176
1119
950
1913
1187
1135
1177
1093
1519
1120
1116
1111
1116
1103
1941
1106
1117
1108
1113
1105
1135
1712
1670
1144
1123
1359
1296
1129
1126
1118
1113
1009
1572
1113
1116
1100
1113
1060
1850
1104
1122
1108
1128
1109
1897
1119
1118
1235
1116
1118
1588
1119
1114
1113
1115
1111
1134
1698
1284
1202
1141
1204
1571
1191
1114
1107
1120
1110
1281
1297
1177
1107
1126
1109
1036
1526
1138
1116
1181
1121
948
1763
1187
1125
1118
1101
1071
1848
1109
1132
1115
1105
1104
1903
1197
1156
1204
1116
1177
1861
1177
1129
1112
1112
1111
1427
1206
1114
1137
1104
1131
1218
1433
1111
1171
1110
1213
1656
1120
1120
1115
1106
1108
1317
1261
1107
1145
1147
1116
1379
1612
1123
1116
1128
1145
1869
1143
1126
1116
1131
1112
1505
1361
1109
1147
1133
1157
1617
1308
1109
1116
1108
1144
1157
1437
1106
1112
1093
1190
1307
1382
1134
1180
1147
1180
1443
1853
1148
1177
1111
1109
1899
1110
1127
1161
1132
1033
2068
1138
1132
1138
1140
994
1909
1117
1181
1126
1108
1113
1895
1121
1105
1187
1116
1111
1906
1174
1114
1112
1140
1112
1412
1284
1115
1111
1154
1134
1109
1145
1897
1865
1890
1901
1854
1127
1122
1126
1147
913
1918
1548
1116
1124
1575
1588
1170
1138
1181
1107
1649
1486
1203
1150
1077
1050
2036
1181
1126
1121
1119
1581
1616
1271
1178
962
1721
1853
1158
1149
965
1699
2079
1191
1193
1159
1513
1976
1694
1145
1151
1430
1954
1588
1117
1126
1114
1064
1930
1406
1173
1213
1485
1483
1964
1162
1195
1076
1473
1992
1203
1210
1113
1407
1996
1088
1143
1193
1439
1891
1414
1165
1158
1107
1351
2009
1155
1157
1115
1126
1385
1754
1103
1140
1112
1133
1647
1461
1149
1121
1115
1393
1266
1121
1173
1148
1138
1118
1115
1901
1948
1900
1316
1136
1116
1120
1118
1124
1116
1616
1529
1126
1116
1123
988
2129
1043
1161
1118
1151
1326
1858
1159
1188
1164
1115
1618
1519
1128
1125
1113
1292
1822
1137
1118
1184
1140
1076
2044
1165
1137
1109
1712
2029
1114
1136
1117
1117
1406
1782
1160
1130
1116
1123
1412
1792
1131
1147
1117
1109
1836
1375
1204
1135
1121
978
1957
1188
1109
1143
1422
1938
1375
1202
1070
1130
1259
1930
1479
1194
1156
1499
1950
1450
1202
1224
1460
1907
1637
1185
1205
1477
1757
1766
1160
1127
1119
1121
1736
1571
1176
1199
1180
1237
2046
1154
1121
1116
1117
1321
1924
1232
1174
1119
1086
1968
1163
1120
1119
1117
1550
1770
1123
1171
1111
1115
1412
1654
1246
1122
1111
1120
993
1899
1930
2078
1131
1067
2114
1136
1111
1083
1921
1302
1425
1602
1120
1498
1633
1294
1133
1136
954
1953
1167
1225
1199
1121
1678
1507
1261
1192
1173
1112
2072
1338
1153
1119
1196
1882
1693
1271
1145
1130
954
1939
1144
1161
1211
1294
1931
1132
1234
1139
1131
1412
1752
1255
1140
1113
1126
1203
2128
1295
1114
1104
1104
1889
1293
1184
1159
1165
1236
1964
1037
1120
1143
1088
1945
1210
1234
1147
1134
1117
1809
1470
1273
1142
1189
1220
2094
1240
1129
1167
1089
1919
1444
1156
1116
1115
1391
1836
1147
1141
1125
1143
1897
1408
1142
1120
1131
1118
1592
1086
1158
1140
1113
1121
1699
2004
1185
1116
1124
1035
2089
1184
1181
1153
1154
1697
1585
1120
1093
1131
1439
1964
1113
1169
1134
1163
1928
1291
1145
1180
1118
962
2076
1119
1123
1203
1108
1273
1974
1130
1119
1114
1115
1974
1114
1127
1134
1149
1117
1946
1134
1144
1112
1160
1553
1414
1105
1133
1139
1128
1126
1555
1111
1106
1124
1128
1115
1938
1164
1119
1133
1113
1170
1459
1123
1152
1155
1163
895
1755
1117
1120
1115
1115
1110
1999
1115
1142
1151
1168
938
1717
1132
1171
1135
1119
1143
1944
1118
1113
1112
1117
1112
1491
1113
1106
1127
1122
1123
1959
1138
1163
1111
1141
1113
1726
1118
1112
1118
1108
1117
1191
1401
1119
1143
1112
1107
1075
1909
1899
1969
1128
1957
1163
1117
1118
1120
1116
1151
1509
1117
1116
1119
1115
1210
1521
1113
1168
1114
1126
1782
1138
1128
1127
1110
1111
925
1688
1111
1116
1112
1109
930
1713
1119
1113
1106
1130
994
1630
1115
1125
1114
1126
1137
1784
1125
1118
1110
1112
1109
1878
1115
1114
1117
1124
1108
1944
1151
1173
1150
1117
1105
1283
1372
1117
1114
1090
1110
1903
1110
1120
1119
1117
1110
1897
1145
1157
1107
1106
1113
1104
1558
1141
1117
1087
1102
1689
1242
1162
1104
1113
1084
1185
1495
1115
1174
1119
1129
1263
1373
1113
1107
1114
1109
1238
1418
1111
1114
1112
1109
1280
1374
1121
1117
1117
1117
1037
1608
1130
1110
1124
1106
1117
1689
1134
1124
1078
1199
1127
1172
1939
1233
1132
1147
1823
1195
1137
1125
1108
1116
1944
1111
1115
1116
1118
1138
1642
1338
1117
1186
1125
1125
1133
1906
1901
1887
1912
1879
1295
1260
1128
963
1869
1112
1188
1125
1151
1497
1511
1119
1193
1122
1099
1966
1156
1118
1201
1114
1129
1910
1111
1118
1155
1145
928
2070
1181
1135
1163
1131
1117
1933
1114
1130
1155
1109
1128
1597
1121
1097
1151
1108
1117
1427
1199
1096
1100
1131
1161
1395
1230
1151
1101
1139
1091
1134
1514
1111
1117
1216
1110
1049
1887
1108
1090
1121
1116
1103
1513
1112
1166
1173
1121
1026
1891
1108
1102
1247
1110
1113
1874
1110
1113
1139
1129
974
1826
1108
1106
1148
1125
1106
1784
1113
1126
1139
1151
1108
1982
1105
1118
1138
1128
1119
1461
1157
1112
1074
1116
1127
993
1666
1130
1209
1113
1185
1690
1268
1115
1078
1120
1131
1890
1115
1198
1167
1143
1182
2012
1114
1113
1192
1105
1110
1254
1426
1113
1143
1138
1039
2202
1122
1115
1152
1117
1164
1378
1280
1112
1115
1113
1107
1809
1114
1126
1115
1165
1109
1366
1229
1107
1100
1109
1142
1507
1419
1061
1138
1122
1154
1477
1434
1115
1132
1135
1104
1466
1460
1110
1104
1116
1103
1029
1581
1128
1110
1140
1129
1292
1601
1128
1111
1133
1065
2151
1126
1115
1120
1112
1122
1398
1185
1124
1111
1112
1109
957
1738
1115
1187
1138
1111
1170
1892
1117
1126
1108
1107
1112
1557
1119
1102
1180
1113
1111
1548
1177
1126
1112
1122
1117
1215
1501
1121
1116
1172
1105
1141
1110
1865
1131
1117
1144
1895
1127
1142
1153
1164
971
1927
1111
1182
1131
1114
1135
1942
1114
1116
1129
1109
1125
1446
1122
1116
1126
1146
1115
1165
1407
1121
1102
1209
1110
997
1636
1112
1114
1099
1104
1371
1120
1080
1123
1107
1082
1286
1657
1136
1141
1109
1127
1141
1503
1109
1113
1110
1219
1362
1518
1106
1117
1135
1104
998
1798
1114
1106
1148
1120
1142
1750
1104
1122
1108
1131
1124
1271
1301
1149
1109
1106
1107
1898
1113
1135
1134
1111
1113
1397
1181
1134
1112
1110
1108
1130
1487
1169
1098
1126
1107
973
1743
1171
1108
1105
1105
1111
1899
1100
1128
1174
1158
1033
2139
1083
1144
1138
1103
1110
1575
1121
1107
1117
1137
1118
1360
1301
1104
1172
1107
1108
1921
1124
1168
1110
1109
1110
1570
1127
1110
1110
1131
1109
998
1776
1121
1175
1130
1134
1108
1892
1130
1135
1111
1116
977
1602
1102
1114
1114
1109
1142
1823
1107
1117
1109
1143
1121
1755
1180
1132
1114
1141
1110
1306
1265
1127
1110
1109
1124
1928
1097
1125
1141
1111
1113
1426
1186
1167
1118
1134
1110
1224
1369
1116
1091
1115
1112
921
1740
1132
1108
1146
1138
1069
1776
1115
1120
1183
1122
889
1839
1176
1116
1123
1107
1112
1895
1113
1099
1118
1108
1139
1444
1147
1109
1129
1107
1112
1934
1118
1135
1124
1146
1045
2130
1115
1116
1164
1826
1147
1285
1966
1403
1163
1214
1912
1118
994
1300
1140
1520
1356
1115
1369
1172
1069
1845
1119
1113
1356
1350
1038
1578
1943
1246
1178
1118
1381
1230
1116
1229
1160
1111
1808
1122
1111
1333
1118
1116
1186
1423
1170
1241
1144
1112
1719
1204
1113
1348
1102
1119
1885
1115
1122
1366
1118
1118
1462
1153
1171
1252
1138
1111
1842
1119
1110
1358
1115
895
1672
1118
1112
1379
1109
1116
1908
1119
1111
1251
1138
1111
1869
1108
1126
1382
1149
1022
2122
1115
1122
1362
1126
1110
1873
1109
1088
1209
1114
1112
1382
1186
1113
1384
1113
1115
1901
1121
1111
1365
1114
1109
1820
1114
1115
1338
1147
950
1818
1155
1134
1241
1118
1110
1895
1110
1108
1386
1118
1118
1904
1112
1117
1364
1195
1116
1712
1115
1112
1274
1122
1114
1195
1368
1116
1351
1119
1110
1157
1414
1114
1361
1124
1111
1901
1112
1111
1254
1112
1110
1441
1151
1118
1210
1117
1114
1271
1302
1111
1215
1116
1112
1252
1363
1114
1239
1115
1106
1017
1827
1129
1278
1137
1109
1113
1911
1114
932
1117
1117
1197
1412
1112
979
1118
1105
968
1598
1118
1109
1347
1128
1008
1802
1115
1109
1337
1108
1110
1946
1110
1112
1233
1140
973
2111
1114
1092
1090
1125
965
1922
1112
1324
1119
1120
1111
1949
1120
892
1168
1115
1712
1189
1134
1325
1150
1093
1430
1210
1160
1120
1120
1112
1456
1176
1127
1159
1139
1114
1985
1119
1082
1186
1121
1116
1406
1201
1109
1372
1117
1127
1270
1295
1117
1512
1139
1113
1359
1298
1113
1327
1146
1111
1785
1110
1128
1473
1118
937
1754
1118
1128
1398
1119
1052
1941
1110
1094
1221
1113
1123
1110
1850
1325
1122
1112
1112
1920
1113
985
1127
1143
1036
1521
1108
1035
1112
1123
920
1810
1128
1117
1288
1143
1235
1672
1123
1287
1109
1106
1109
1888
1109
1091
1169
1113
1115
1892
1140
1027
1118
1113
950
1639
1106
1113
1290
1125
1057
1890
1110
1112
1284
1157
928
1882
1123
1117
1219
1108
1123
1918
1133
1113
1227
1122
1126
1895
1118
1047
1154
1143
1110
1555
1149
1111
1181
1125
1109
1290
1355
1138
1267
1114
1093
1893
1108
1159
1268
1139
1138
1814
1129
1111
1146
1141
1107
1389
1225
1111
1189
1142
1018
1420
1262
1166
1119
1142
1110
1089
1551
1120
1145
1307
1110
989
1618
1125
1165
1111
1134
1083
1904
1102
1344
1110
1155
1477
1423
1165
1097
1135
1113
1104
1762
1917
1825
1144
1881
1143
1120
1204
1126
1124
1672
1159
1109
1127
1136
1130
1250
1648
1161
1092
1140
1123
1059
1504
1133
1165
1129
1152
1465
1212
1179
1132
1171
1102
1061
1840
1128
1110
1137
1126
1384
1543
1174
1155
1138
1147
1285
1365
1166
1166
1117
1172
1287
1319
1078
1139
1107
1117
1346
1294
1141
1134
1105
1131
1098
1902
1138
1365
1166
1126
1378
1554
1120
1256
1135
1127
1761
1146
1111
1354
1131
1119
1440
1176
1143
1330
1143
1141
1928
1126
1101
1341
1110
953
1649
1121
1129
1224
1150
1205
1686
1115
1129
1314
1122
941
1777
1118
1124
1303
1140
1108
1895
1135
1109
1237
1103
1159
1890
1147
922
1148
1132
1116
1729
1137
1077
1305
1175
1033
1165
1970
1329
1124
1115
1744
1119
1113
1365
1125
1121
1414
1141
1112
1186
1122
1116
1311
1242
1117
981
1125
1110
1090
1522
1111
1086
1333
1132
1468
1475
1121
1122
1154
1158
1516
1396
1120
1223
1124
1115
1277
1327
1112
1348
1114
1130
1126
1445
1135
1504
1123
1113
1106
1464
1157
1371
1117
1157
1913
1132
1118
1246
1141
1113
1680
1110
1161
1358
1140
1113
1116
1510
1136
1344
1100
1170
2042
1115
1128
1256
1105
1151
1559
1117
1112
1335
1116
1122
1386
1187
1119
1307
1166
1108
1248
1340
1143
1215
1107
1110
1049
1553
1128
1375
1114
1137
922
1654
1112
1328
1144
1032
2138
1128
1114
1218
1113
1335
1899
1108
1115
1321
1119
1127
1539
1115
1122
1320
1114
1115
1220
1366
1108
1209
1123
1129
1157
1401
1114
1512
1111
1137
1008
1560
1141
1093
1122
1113
1388
1244
1117
1112
1158
1112
971
1604
1117
1176
1112
1155
1111
1901
1122
1159
1133
1119
920
1737
1121
1118
1198
1156
999
1901
1138
1150
1122
1096
936
1783
1158
1110
1409
1112
1002
1814
1119
1363
1113
1141
1007
1804
1155
1248
1150
1115
1113
1911
1134
990
1114
1102
979
1781
1115
1107
1347
1094
1022
1608
1116
1109
1240
1113
1108
1893
1131
1116
1366
1114
1119
1891
1111
960
1190
1116
1109
1895
1110
1104
1246
1109
1115
1934
1118
1107
1374
1094
1117
1908
1117
1109
1348
1118
1113
1321
1260
1110
1237
1120
1111
1454
1221
1116
1316
1117
1112
1624
1116
1125
1307
1114
1116
1536
1168
1111
1331
1112
1118
1110
1126
1926
1728
1131
1235
1366
1116
997
1138
1122
963
1659
1121
1077
1315
1120
1161
1412
1117
1237
1118
1109
1114
1890
1140
1112
1117
1110
981
1866
1126
1247
1118
1112
966
1636
1121
1060
1127
1111
1097
1474
1181
989
1254
1114
1029
1574
1124
887
1149
1139
1568
1407
1101
1350
1114
1124
1233
1342
1117
1383
1121
1113
1428
1179
1128
1424
1194
985
1991
1113
1125
1261
1124
1108
1241
1385
1133
1420
1226
1206
1690
1134
1126
1351
1109
897
1708
1108
1119
1368
1118
1033
1826
1121
1116
1287
1118
1087
1930
1114
1120
1344
1122
1111
1903
1111
1044
1191
1118
1120
1454
1132
1107
1186
1113
1121
1884
1116
1128
1293
1114
1112
983
1604
1113
1270
1121
1109
1481
1121
1112
1193
1117
1111
1196
1381
1119
976
1142
1119
1007
1595
1109
1115
1269
1119
1033
1839
1120
1245
1125
1108
1116
1840
1114
1099
1271
1110
1021
1833
1133
1127
1297
1119
1114
1884
1115
1116
1209
1127
1110
1465
1183
1378
1149
1142
934
2035
1114
1124
1098
1145
1576
1327
1118
1112
1116
1108
954
1694
1157
1115
1123
1132
1047
1808
1110
1154
1145
1177
1111
1924
1122
942
1165
1136
1100
1835
1155
1047
1156
1131
1159
1395
1174
1162
1279
1135
1264
1649
1119
1153
1318
1110
1015
1823
1144
1195
1083
1115
938
1886
1165
1300
1120
1114
1112
1912
1119
1114
1321
1125
1029
1854
1113
1216
1117
1134
964
2088
1119
1140
1121
1136
1560
1322
1124
1054
1152
1111
1114
955
2006
1089
1115
1124
909
1662
1121
1336
1135
1123
1115
1921
1120
1043
1118
1113
1122
1427
1123
1113
1380
1119
979
1760
1123
1262
1100
1119
978
1947
1124
1285
1114
1119
1237
1362
1110
963
1258
1141
1502
1412
1118
1282
1120
1116
894
1714
1113
1414
1114
1115
1970
1125
1116
1400
1117
1114
1371
1227
1116
1247
1123
1114
981
1680
1127
1368
1099
1117
1780
1235
1072
2073
1131
1642
1273
1122
1793
1212
1016
1624
1123
1091
2003
1120
1210
1394
1121
1569
1419
905
1704
1120
1253
1756
1119
1892
1117
1103
1392
1623
1457
1129
1117
1044
1941
1124
1727
1135
1097
2050
1124
1260
1339
1113
969
2133
901
1718
1120
1114
1802
1203
1607
1337
1118
1716
1302
1493
1415
1157
1642
1378
1123
1003
2005
1101
1956
1113
1941
1120
1119
1572
1423
924
1727
1123
1205
1803
1118
1913
1119
976
2138
1148
1403
1231
1115
1056
1947
1122
1759
1113
954
2022
1184
1675
1111
1112
1189
1804
913
1661
1123
974
2118
1115
1471
1127
1117
1370
1757
921
1750
1112
1130
1937
1138
1952
1117
1111
1231
1907
1039
1928
1119
1355
1795
937
1793
1116
1056
1971
1131
1984
1118
1112
1398
1734
1286
1404
1125
1613
1537
1112
978
1979
1115
2025
1128
1994
1145
1081
1809
1198
2109
1175
1023
1563
1567
1126
1573
1896
1119
1127
1107
1987
1122
1116
1115
1157
1071
1983
1118
1101
1172
1115
1118
1147
1743
1321
1128
1109
1172
1931
1114
1136
1160
1091
998
1802
1116
1162
1127
1129
991
1847
1112
1115
1134
1094
1127
1467
1235
1107
1109
1147
1029
1802
1122
1161
1167
1135
1163
1818
1253
1025
1129
1132
1138
2014
1193
1294
1125
1212
1480
1516
1162
1280
1162
1181
1137
1943
1140
1248
1188
1095
1009
1785
1141
1224
1111
1121
1394
1264
1124
1270
1125
1111
1632
1091
1134
1322
1123
1122
1107
1560
1124
1243
1095
1152
1362
1369
1204
1245
1187
1136
1814
1158
1130
1310
1133
1100
1909
1196
1058
1190
1160
1050
2131
1182
1326
1116
1121
951
1865
1164
1078
1142
1161
1067
1582
1170
1219
1188
1136
1379
1407
1189
1359
1199
1246
1115
1976
1113
1325
1205
1101
1106
1770
1177
1266
1139
1308
1821
1514
1298
1168
1074
1558
1796
995
1146
1126
1108
1433
1452
1334
1152
1093
1285
2001
1288
1171
1181
1211
1294
1907
1915
1682
1141
1071
1528
1344
1172
1138
1295
1945
1882
1262
1140
1469
1914
1773
1132
1130
1129
1755
1476
2065
1150
1084
1961
1019
2086
1131
1202
2127
1069
2020
1138
1134
2078
1517
1656
1124
1145
2048
1254
1107
1147
1908
1119
1134
1556
1638
1133
1690
1898
1967
1330
1797
1129
1068
1991
1150
1985
1130
1119
1497
1635
1350
1312
1145
979
2136
956
1821
1122
1234
1903
1130
1759
1126
1085
1960
1138
1179
1489
1705
1742
1138
1129
1360
1699
1153
1124
1123
1644
1141
1122
1115
1129
1147
1113
1550
1001
1148
1105
1132
1536
1151
1133
1129
1129
1118
1088
1568
1125
1131
1111
1131
1362
1317
1125
1119
1132
1405
1143
1550
1087
1317
1141
1162
1737
1337
1182
1115
1118
1133
1937
1134
988
1202
1123
1101
1957
1134
1120
1802
1557
1974
1109
973
1147
1123
1112
1271
1394
1114
1280
1131
1116
1395
1602
1119
1908
1603
1493
1459
1872
1811
1913
1897
1972
1931
1902
1959
1929
1912
1914
2053
1743
1694
1143
1137
1898
1333
1128
1121
1112
1377
1857
1127
1119
1137
956
1963
1166
1126
1111
1110
1007
2114
1160
1157
1116
1135
1321
1595
1166
1118
1130
1109
960
1974
1182
1118
1119
1105
1933
1157
1235
1118
1188
1120
1508
1109
1156
1138
1117
1003
1744
1119
1168
1096
1101
932
1888
1131
1196
1128
1109
1154
1900
1111
1199
1086
1115
1108
1750
1164
1159
1131
1134
917
1729
1117
1158
1112
1143
1040
1816
1136
1159
1114
1119
1111
1912
1105
1166
1121
1108
1117
1556
1155
1143
1109
1140
1113
1776
1126
1146
1122
1107
1117
1327
1291
1076
1122
1122
1109
1058
1548
1097
1119
1134
1113
1424
1475
1081
1127
1114
1107
1340
1291
1121
1149
1140
1118
1604
1311
1065
1119
1120
1116
1140
1461
1121
1173
1129
1115
1397
1502
1115
1154
1083
1113
1708
1223
1095
1100
1151
1109
1707
1164
1102
1123
1116
1109
1347
1297
1108
1138
1120
1143
1630
1402
1087
1122
1154
1124
1138
1952
1141
1116
1103
1118
1616
1150
1136
1104
1147
1269
1620
1121
1133
1109
1116
1061
1844
1112
1137
1112
1409
1148
1930
1115
1136
1123
1107
1080
1592
1120
1114
1118
1107
1106
1197
1333
1143
1132
1114
1156
950
1640
1099
1137
1113
1113
1107
1898
1109
1147
1111
1124
1116
1487
1109
1139
1111
1139
1328
1550
1107
1130
1122
1118
965
1788
1115
1132
1112
1132
931
1875
1110
1151
1115
1168
1107
1927
1110
1159
1107
1121
1129
1563
1160
1060
1118
1121
1116
1277
1318
1111
1153
1112
1107
963
1694
1110
1152
1115
1109
1114
1905
1115
1150
1115
1112
1103
1494
1156
1163
1110
1137
1369
1563
1099
1164
1112
1113
915
1726
1112
1147
1086
1105
972
1966
1116
1159
1118
1106
1104
1971
1119
1158
1108
1108
1155
1901
1111
1154
1109
1113
1108
1911
1108
1148
1110
1108
1119
1881
1715
1920
1923
1943
1922
1948
1943
1952
1959
1658
1922
1949
1898
1293
1156
1122
1410
1480
1102
1152
1126
1120
1207
1400
1216
1149
1181
1123
1476
1261
1227
1153
1145
1117
1872
1121
1172
1157
1128
1161
1844
1101
1119
1209
1127
1114
1150
1430
1119
1173
1106
1159
1568
1138
1117
1176
1113
1152
1307
1263
1115
1166
1159
1108
1360
1189
1114
1194
1127
1108
1362
1196
1122
1159
1136
1110
1114
1934
1121
1154
1169
1118
1282
1600
1122
1137
1116
1130
1040
1524
1115
1093
1145
1110
1128
1630
1159
1134
1216
1144
986
2064
1130
1089
1117
1247
1111
1129
1437
1449
1121
1108
1118
1857
1115
1170
1146
1113
949
1741
1126
1141
1165
1134
1115
2
1137
1069
1117
1112
1114
1844
1124
1061
1085
1111
1030
1955
1120
1162
1127
1120
1112
1896
1120
1072
1128
1100
1112
1525
1118
1117
1162
1111
1117
1232
1368
1110
1148
1084
1113
975
1621
1119
1158
1101
1113
1037
1805
1131
1192
1111
1117
968
1775
1108
1142
1158
1115
1075
1764
1139
1116
1108
1115
1109
1897
1138
1112
1113
1110
1109
1653
1118
1108
1117
1142
1109
1324
1243
1124
1119
1163
1106
1046
1520
1113
1135
1109
1116
1001
1814
1113
1120
1062
1119
939
1881
1117
1121
1116
1138
1117
1937
1108
1116
1114
1133
1040
2142
1119
1113
1109
1137
1112
1670
1110
1114
1128
1115
1110
1292
1298
1103
1141
1108
1116
1536
1128
1110
1128
1109
1113
1222
1385
1111
1123
1155
1115
1356
1544
1111
1162
1138
1137
1727
1186
1099
1137
1126
1129
1197
1428
1111
1087
1138
1114
1545
1382
1133
1120
1138
1112
1062
1523
1130
1106
1106
1160
980
1744
1149
1155
1119
1091
1109
1914
1115
1108
1125
1167
1132
1868
1180
1146
1085
1117
1133
1711
1115
1182
1117
1136
1114
1369
1215
1107
1177
1136
1212
1064
1179
1113
1205
1120
1072
1456
1187
1122
1190
1097
1109
1749
1198
1138
1152
1087
1118
1364
1200
1158
1178
1112
1162
1223
1373
1159
1228
1115
1096
1153
1435
1133
1195
1169
1109
966
1616
1179
1132
1116
1170
1111
1948
1114
1171
1112
1091
1059
1933
1138
1182
1221
1130
976
1777
1138
1099
1181
1178
1095
1207
1770
1175
1120
1116
1146
1747
1151
1217
1117
1130
915
1733
1117
1148
1311
1234
1137
1349
1638
1309
1141
1114
936
2079
1339
1129
1143
1137
899
2075
1214
1130
1093
1126
976
2019
1131
1165
1114
1154
1096
1898
1152
1163
1113
979
2070
1149
1138
1154
1120
912
2071
1141
1127
1109
1142
942
2043
1124
1144
1112
1145
941
2069
1117
1132
1113
1149
1285
1723
1118
1091
1140
1119
1918
1118
1139
1119
1119
1118
1617
1092
1100
1150
1107
1151
1292
1352
1096
1151
1132
1120
1630
1293
1110
1114
1128
972
1855
1159
1113
1110
1122
1110
1169
1480
1158
1112
1131
1123
937
1675
1107
1120
1098
1117
1429
1163
1110
1194
1082
1124
1735
1141
1108
1160
1123
1112
1204
1368
1110
1075
1137
1109
943
1606
1113
1113
1109
1123
1111
1893
1107
1167
1108
1110
1125
1785
1108
1110
1156
1111
1112
1121
1482
1117
1107
1112
1108
1207
1389
1149
1112
1138
1110
1467
1439
1115
1112
1124
1101
953
1626
1114
1118
1110
1112
1120
1656
1110
1102
1110
1113
1113
1916
1121
1107
1110
1105
1118
1580
1116
1107
1120
1111
1109
1177
1420
1115
1119
1111
1108
1060
1579
1107
1141
1124
1144
966
1794
1127
1127
1084
1111
995
1851
1110
1113
1112
1110
1125
1894
1110
1097
1146
1113
1108
1545
1103
1128
1080
1153
1108
1264
1281
1115
1108
1108
1108
957
1659
1154
1110
1122
1129
1181
1705
1111
1112
1098
1107
1120
1878
1156
1109
1136
1106
1120
1870
1130
1104
1094
1108
1119
1111
1803
1130
1085
1108
1005
1628
1133
1097
1113
1132
1040
1836
1123
1130
1175
1126
1138
1924
1131
1104
1139
1138
1015
2100
1142
1151
1123
1141
1096
1757
1123
1088
1111
1174
1068
1721
1198
1116
1068
1115
1134
1961
1128
1108
1081
1117
1048
1870
1129
1109
1112
1138
1118
2099
1116
1095
1136
1109
1111
1432
1125
1100
1068
1116
1137
1183
1377
1128
1110
1111
1160
913
1661
1129
1154
1107
1114
1135
1869
1112
1155
1103
1122
1154
1819
1103
1125
1098
1160
1027
2138
1120
1097
1122
1114
1129
1937
1089
1120
1094
1134
1152
1891
1126
1095
1124
1149
1113
1477
1138
1107
1155
1108
1123
953
1808
1111
1109
1179
1106
1342
1573
1119
1115
1136
1105
1580
1316
1127
1107
1127
1109
1034
1545
1122
1133
1131
1112
977
1763
1112
1139
1111
1133
1114
1917
1124
1116
1109
1109
962
1728
1125
1108
1104
1116
1113
1881
1114
1137
1130
1137
1041
2110
1114
1139
1110
1147
1122
1800
1142
1159
1112
1112
1143
1438
1178
1143
1116
1109
1139
1162
1448
1143
1159
1145
1112
1216
1440
1116
1149
1127
1094
1572
1397
1105
1106
1134
1129
1578
1312
1112
1116
1122
1131
1022
1591
1108
1118
1148
1111
1253
1672
1112
1118
1118
1114
1115
1889
1118
1123
1107
1147
931
1980
1112
1115
1126
1115
1110
1911
1109
1126
1109
1123
1110
1397
1178
1122
1116
1121
1114
1894
1131
1109
1107
1111
1122
959
1738
1138
1111
1118
1117
997
1843
1104
1145
1153
1141
1348
1558
1160
1115
1145
1155
1624
1378
1130
1115
1099
1119
1108
1101
1796
1890
1894
1873
1925
2030
1124
1109
1023
1926
1987
2083
999
1354
1966
1916
1911
1890
1984
1282
1134
966
1909
1546
1128
1117
1121
1944
1456
1135
1134
1115
1130
2053
1439
1106
1133
1118
1867
1297
2118
1128
1122
1166
2028
1282
1123
1124
1148
1567
1595
1433
1133
1119
1021
1923
1065
1133
1127
1135
1364
1891
1432
1121
1130
1224
2091
1292
1122
1133
1129
1067
2059
1438
1118
1125
1130
1761
1476
1430
1118
1120
1039
1950
1388
1136
1119
1132
1776
1516
1440
1121
1120
1120
1819
1278
1122
1127
1125
1374
1922
1277
1121
1128
1060
1920
1294
1415
1137
1121
955
1925
1438
1116
1144
1120
1615
1746
1278
1122
1110
1023
2070
1462
1123
1139
1119
1843
1242
1293
1116
1117
1117
1804
1401
1242
1116
1118
1147
2084
1414
1128
1118
1123
1818
1337
1310
1113
1128
1305
1948
1103
1361
1122
1117
1070
1915
1616
1113
1121
1134
1600
2082
1119
1127
1141
1118
1815
2146
1121
1123
