2593
2570
2527
2529
2528
2548
3582
2564
2556
2571
2581
4003
2142
1288
1281
1275
1276
1276
1272
1279
1276
1278
1277
1276
1274
1279
1276
1301
1275
1279
1277
1274
1365
1297
1284
1281
1372
1277
1365
1282
1293
1276
1279
1276
1351
1279
1275
1282
1280
1285
1350
1279
1277
1267
1272
1278
1357
1281
1278
1273
1281
1278
1337
1280
1277
1281
1795
2248
2232
1280
1280
1281
1276
1283
1282
1277
1272
1290
1275
1277
1277
1276
1274
1333
1276
1275
1276
1273
1284
1278
1278
1278
1277
1278
1272
1273
1275
1286
1283
1276
1277
1282
1274
1276
1278
1280
1279
1271
1278
1279
1277
1277
1286
1278
1346
1277
1277
1274
1282
1277
1274
1279
1279
1279
1280
1277
1278
1279
1276
1279
1281
1272
1280
1276
1278
1281
1282
1275
1387
1274
1286
1278
1278
1280
1284
1284
1275
1275
1276
1272
1281
1276
1276
1279
1276
1272
1280
1275
1278
1273
1301
1275
1283
1279
1319
1281
1168
1341
1558
1289
1294
1280
1274
1276
1276
1270
1281
1278
1282
1272
1282
1278
1274
1278
1274
1279
1272
1428
1279
1279
1278
1280
1341
1276
1280
1273
1277
1276
1279
1279
1279
1274
1280
1274
1198
2247
1606
1273
1277
1276
1310
1278
1281
1280
1284
1282
1302
1274
1284
1273
1277
1276
1281
1282
1278
1282
1276
1283
1262
1285
1279
1280
1278
1277
1265
1295
1284
1281
1276
1278
1275
1297
1284
1272
1284
1274
1274
1301
1278
1276
1282
1282
1281
1307
1272
1284
1279
1280
1280
1307
1274
1275
1280
1273
1279
1308
1282
1275
1278
1272
1281
1302
1283
1275
1277
1275
1274
1311
1279
1272
1279
1278
1276
1314
1284
1286
1278
1271
1277
1282
1284
1280
1283
1289
1285
1267
1289
1277
1280
1281
1282
1276
1288
1280
1281
1351
1611
1298
1277
1280
1274
1277
1272
1271
1277
1283
1281
1280
1278
1280
1287
1279
1287
1279
1281
1280
1297
1275
1277
1275
1270
1287
1308
1276
1473
1278
1278
1287
1303
1276
1281
1279
1282
1289
1292
1290
1279
1277
1282
1282
1300
1279
1283
1275
1276
1269
1315
1276
1444
1276
1269
1270
1301
1292
1270
1283
2017
2330
1290
1271
1286
1984
2298
1286
1273
1741
1280
1328
1277
1283
1280
1284
1280
1327
1273
1269
1279
1850
1272
1312
1282
1278
1253
2253
2272
2362
1866
2322
1824
1281
1267
1980
2269
1707
1372
1759
1276
1598
1280
1278
1717
1284
1290
1283
1552
1285
1764
1288
1305
1281
1273
1280
1280
1269
1294
1276
1287
1275
2127
1697
1278
1288
1278
1921
2375
1283
1287
1276
1267
1276
1282
1280
1315
1280
1270
1286
1298
1283
1279
1287
1272
1273
1294
1274
1287
1273
1287
1278
1284
1279
1281
1280
1280
1277
1266
1277
1276
1285
1277
1284
1274
1287
1278
1284
1276
1276
1274
1281
1272
1274
1279
1276
1280
1275
1283
1275
1285
1275
1284
1276
1277
1273
1274
1279
1280
1277
1273
1280
1275
1277
1280
1284
1275
1275
1275
1277
1281
1272
1279
1273
1283
1274
1286
1274
1292
1274
1283
1279
1276
1277
1276
1275
1271
1279
1279
1286
1277
1281
1276
1279
1280
1276
1275
1273
1277
1283
1279
1274
1281
1271
1283
1285
1281
1277
1275
1279
1275
1283
1280
1278
1278
1281
1274
1281
1278
1280
1273
1267
1278
1272
1283
1277
1280
1257
1298
1277
1392
1275
1312
1279
1272
1276
1275
1283
1286
1284
1274
1285
1275
1469
1298
1281
1351
1284
1496
1299
1276
1393
1277
1265
1477
1271
1303
1277
1409
1205
1374
1294
1280
1395
1286
1426
1283
1299
1282
1401
1283
1467
1283
1295
1268
1275
1272
1279
1421
1301
1278
1501
1944
1635
2246
2238
2226
1879
1535
1742
1291
1376
2251
1909
1278
1277
2053
1156
1433
1278
1274
1570
1295
1706
1289
1283
1870
1279
1160
1404
1284
1271
1774
1285
1395
1285
1290
1276
1341
1276
1562
1278
1288
1276
1327
1297
1284
1729
1283
1976
1309
1282
1285
1274
1288
1275
1315
1277
1281
1273
1282
1272
1307
1279
1275
1285
1277
1283
1294
1293
1276
1285
1282
1278
1300
1279
1278
1274
1279
1274
1296
1278
1290
1265
1276
1278
2281
2308
1862
1429
2319
2264
2404
1285
2000
1420
1280
1275
1266
2229
1359
1284
1284
1421
2127
1298
1300
1277
1276
1664
1801
1294
1294
1285
2105
1298
1721
1289
1279
2051
1258
1668
1276
1283
1665
1290
1704
1289
1283
1269
1630
1226
1610
1279
1272
1562
1310
1563
1287
1279
1179
1637
1195
1426
1292
1281
1744
1283
1560
1272
1279
1170
1633
1278
1565
1286
1268
1232
1717
1294
1528
1286
1277
1779
1274
1227
1445
1277
1134
1591
1274
1560
1280
1291
1769
1277
1232
1470
1283
1280
1724
1282
1555
1292
1278
1235
1722
1255
1489
1282
1280
1733
1281
1269
1543
1292
1283
1776
1279
1283
1280
1283
1254
1327
1275
1565
1278
1286
1217
1343
1334
1296
1287
1285
1728
1282
1559
1282
1283
1213
1351
1282
1554
1287
1275
1780
1305
1308
1542
1285
1277
1682
1275
1329
1288
1287
1275
1788
1305
1611
1301
1226
2084
1289
1565
1284
1272
1227
1357
1269
1543
1287
1279
1286
2159
2371
1289
1644
1967
1255
1569
1278
1278
1468
1277
1299
1552
1271
1279
1767
1273
1067
1316
1274
1488
1284
1304
1544
1282
1281
1317
1294
1197
1286
1280
1277
1733
1279
1556
1273
1276
1664
1286
1257
1547
1275
1282
1419
1283
1555
1291
1276
1281
1746
1268
1542
1285
1275
1450
1280
1285
1557
1288
1278
1302
1288
1540
1282
1292
1277
1776
1273
1561
1282
1289
1193
1655
1266
1510
1279
1285
1779
1285
1553
1296
1271
1261
1709
1291
1554
1285
1284
1771
1280
1268
1539
1285
1276
1730
1278
1552
1277
1282
1281
1777
1257
1548
1274
1280
1652
1290
1263
1551
1277
1284
1777
1279
1552
1289
1278
1095
1471
1279
1561
1288
1273
1063
1566
1184
1427
1273
1276
1773
1276
1564
1283
1268
1132
1591
1270
1301
1280
1281
1241
1308
1338
1273
1281
1276
1756
1278
1305
1547
1294
1280
1775
1263
1548
1272
1283
1687
1277
1263
1542
1272
1275
1543
1287
1557
1313
1273
1276
1822
1259
1280
1282
1278
1291
2326
1794
1377
2522
1775
2295
1999
1279
2086
2340
1496
2337
2296
1694
1284
1281
1288
2296
1894
1287
1292
1287
2280
1878
1324
1282
1227
1497
1660
1301
1280
1279
1283
1298
1367
1281
1272
1271
1459
1290
1390
1295
1271
1276
1875
1313
1359
1389
1401
1241
1457
1378
1297
1273
1270
1277
1274
1377
1298
1304
1273
1280
1302
1328
1253
1283
1302
1285
1652
2231
2243
2258
2252
1742
1324
1135
2273
2281
2441
1285
1292
1288
1299
1261
1291
1288
2279
2280
2466
2352
1112
2308
2274
2124
1925
2291
2497
1445
1287
1295
1290
1336
2290
2280
2448
1304
1288
2241
2289
2346
2050
2214
2312
2386
2380
1353
1305
1882
2265
2292
2402
1688
2352
1378
1301
1556
2402
1293
1267
1587
2194
2155
2308
1376
1092
1811
1549
1261
1300
1296
1831
1359
1286
1284
1283
1160
2172
1288
1416
1306
1246
2213
1296
1282
1288
1277
1290
1566
2272
2288
1699
1333
1342
1306
1288
1299
1846
1404
1427
1358
1362
1955
1361
1380
1360
1419
1370
2277
1293
1277
1289
1282
1866
2291
1472
1304
1239
2323
2281
2287
1347
1297
1325
1324
1311
1429
1983
2292
1678
1292
1430
2330
2281
1349
1298
1288
1277
1279
1284
1293
1284
2217
2514
2227
1779
1646
2301
1987
2346
1177
2298
1968
2341
1699
2383
2332
2237
2275
1882
1297
1571
2276
2285
1880
1306
1181
2289
1713
1617
2296
1966
2422
1873
2232
1302
1293
1278
2269
1681
1293
1303
1289
1658
2408
1301
1295
1280
1907
2136
1300
1293
1289
2198
1846
1297
1292
1300
1982
2339
1303
1291
1296
2066
2328
2150
1285
2315
1824
1301
1309
1372
2368
1314
1295
1297
1196
2304
1320
1299
1278
1289
2260
1707
1307
1293
1292
2364
1297
1295
1287
1120
2289
1434
1286
1296
1212
2293
1701
1325
1297
1566
2303
1537
1285
1304
1807
2255
1325
1288
1274
1204
2292
1707
1297
1312
2392
2316
1656
1293
1258
1828
2273
2293
1805
1286
1299
1289
1276
1289
1603
2361
1302
1293
1295
1735
1295
1283
1295
1288
1252
1684
1291
1285
1308
1282
1761
1284
1289
1280
1292
1285
1779
1288
1287
1283
1282
1081
1583
1286
1297
1281
1282
1559
1431
1284
1273
1281
1283
1784
1271
1286
1286
1296
1156
1616
1281
1283
1286
1284
1275
1784
1281
1280
1286
1284
1368
1293
1279
1285
1279
1291
1310
1295
1280
1273
1277
1283
1788
1279
1278
1280
1285
1287
1792
1278
1308
1280
1284
1973
1285
1279
1280
1283
1286
1246
1315
1280
1283
1283
1281
1788
1290
1269
1284
1278
1160
1617
1281
1273
1294
1274
1265
1769
1273
1284
1282
1282
1245
1361
1276
1283
1285
1282
1271
1531
2271
1512
1288
1822
1288
1383
1295
1274
1103
1508
1291
1280
1281
1283
1281
1169
2261
2280
2308
1283
1277
1281
1276
1289
1297
1346
1266
1313
1279
1172
1901
1282
1307
1267
1285
2198
1295
1288
1261
1286
1272
1735
1279
1282
1276
1289
1282
1778
1284
1280
1284
1279
1232
1739
1263
1282
1269
1281
1406
1292
1281
1283
1265
1268
1070
1526
1272
1275
1279
1280
1746
1281
1321
1273
1279
1480
1486
1279
1281
1274
1281
1200
1649
1282
1279
1281
1283
1346
1290
1277
1288
1272
1281
1393
1288
1270
1285
1278
1265
1772
1284
1277
1265
1274
1099
1565
1271
1290
1274
1285
1459
1284
1280
1280
1279
1288
1142
1584
1269
1285
1267
1283
1318
1331
1269
1285
1273
1265
1645
1287
1283
1271
1271
1269
1784
1271
1285
1281
1285
1274
1300
1280
1284
1275
1286
1277
1280
1273
1266
1270
1272
1277
1277
1270
1272
1276
1275
1276
1276
1272
1274
1270
1273
1278
1275
1275
1278
1278
1278
1278
1273
1276
1266
1275
1276
1287
1273
1280
1275
1272
1273
1276
1272
1271
1276
1273
1274
1279
1275
1269
1273
1273
1275
1270
1270
1265
1260
1270
1264
1255
1258
1256
1257
1275
1259
1261
1252
1259
1260
1263
1273
1272
1267
1254
1284
1266
1263
1262
1262
1259
1257
1281
1276
1259
1259
1260
1364
1272
1276
1279
1268
1276
1275
1280
1274
1270
1278
1276
1272
1281
1277
1273
1277
1274
1279
1276
1268
1275
1276
1260
1260
1260
1258
1281
1268
1269
1258
1260
1261
1266
1266
1262
1259
1257
1275
1258
1267
1258
1280
1277
1266
1279
1272
1269
1264
1272
1271
1279
1263
1279
1267
1255
1264
1277
1258
1267
1258
1259
2092
2237
2247
2232
1612
1266
1278
1277
1280
1274
1282
1273
1286
1274
1276
1274
1280
1271
1270
1271
1275
1284
1278
1283
1273
1283
1273
1278
1276
1288
1275
1269
1277
1272
1285
1270
1273
1261
1268
1273
1280
1268
1284
1273
1346
1276
1288
1281
1386
1185
1410
1284
1280
1282
1613
1746
2094
2260
1753
1283
1328
1269
1303
1275
1288
1481
1341
1278
1289
1275
1285
1460
1344
1275
1285
1277
1282
1239
1862
1271
1272
1282
1270
1305
1269
1272
1271
1275
1272
1245
1284
1284
1279
1281
1271
1222
1276
1272
1271
1275
1273
1275
1341
1276
1269
1281
1273
1272
1339
1275
1272
1277
1278
1390
1341
1275
1277
1273
1269
1268
1339
1284
1271
1274
1275
1272
1344
1284
1276
1274
1279
1277
1332
1276
1275
1275
1277
1269
1320
1273
1272
1283
1274
1281
1347
1275
1272
1276
1281
1284
1342
1272
1277
1276
1273
1277
1332
1273
1280
1277
1280
1273
1342
1274
1279
1278
1273
1279
1275
1274
1278
1278
1272
1280
1282
1275
1279
1275
1272
1273
1279
1278
1274
1275
1279
1273
1280
1266
1260
1273
1278
1267
1273
1271
1265
1276
1273
1270
1272
1267
1252
1275
1276
1258
1271
1266
1270
1274
1269
1276
1257
1274
1263
1272
1272
1275
1254
1278
1261
1277
1278
1271
1261
1274
1254
1263
1272
1262
1253
1255
1262
1255
1275
1258
1264
1257
1262
1257
1270
1278
1265
1258
1257
1262
1274
1265
1265
1261
1268
1257
1273
1268
1278
1253
1273
1274
1280
1255
1265
1275
1264
1277
1271
1277
1259
1275
1259
1282
1268
1277
1265
1274
1271
1249
1272
1269
1270
1272
1265
1252
1263
1275
1270
1269
1259
1259
1246
1279
1271
1272
1250
1265
1258
1280
1264
1258
1273
1256
1254
1270
1279
1257
1269
1264
1258
1264
1269
1270
1253
1283
1257
1267
1279
1255
1250
1259
1258
1251
1267
1252
1271
1251
1257
1251
1269
1273
1258
1256
1270
1264
1281
1273
1255
1276
1256
1274
1271
1267
1261
1260
1250
1260
1269
1270
1271
1251
1245
1251
1264
1275
1266
1264
1279
1276
1273
1277
1270
1280
1275
1271
1274
1279
1273
1275
1271
1275
1277
1284
1276
1275
1269
1277
1275
1271
1279
1273
1273
1271
1275
1272
1275
1273
1276
1277
1273
1278
1278
1273
1275
1276
1275
1282
1273
1276
1285
1274
1276
1277
1277
1276
1280
1276
1275
1271
1270
1279
1275
1278
1272
1272
1268
1276
1272
1273
1282
1277
1275
1280
1271
1275
1276
1275
1278
1273
1287
1273
1274
1275
1275
1276
1275
1269
1276
1274
1274
1272
1279
1277
1268
1275
1278
1271
1274
1274
1268
1278
1265
1265
1281
1274
1282
1278
1285
1272
1277
1276
1279
1283
1281
1271
1274
1279
1273
1280
1277
1275
1280
1276
1275
1279
1272
1282
1276
1281
1278
1279
1279
1271
1277
1276
1277
1273
1276
1271
1270
1278
1268
1275
1274
1275
1276
1276
1273
1280
1274
1272
1277
1272
1270
1273
1270
1272
1273
1271
1280
1280
1281
1273
1273
1272
1271
1335
1277
1281
1274
1278
1274
1275
1272
1277
1276
1285
1278
1277
1272
1267
1274
1275
1282
1279
1275
1273
1278
1270
1279
1273
1272
1277
1268
1271
1276
1270
1281
1276
1273
1275
1281
1275
1271
1269
1279
1271
1277
1285
1279
1274
1275
1271
1277
1270
1276
1278
1276
1278
1272
1253
1281
1280
1275
1274
1280
1628
2179
1273
1274
1272
1279
1280
1454
2255
2260
2274
1470
1285
1277
1282
1278
1688
2235
1285
1292
1659
1574
1928
1291
1270
2087
1468
1884
1289
1276
1894
1201
1762
1281
1274
1285
1931
1898
1284
1286
1478
1686
1891
1287
1280
1285
2126
1347
1349
1279
1281
1130
2379
1288
1274
1277
1846
1247
1874
1307
1269
1684
1385
1789
1284
1302
1096
2060
1859
1286
1279
1186
2053
1299
1264
1841
1900
1289
1901
1282
1275
1168
2253
2515
1281
1279
1407
1804
1923
1291
1288
1233
1928
1889
1285
1284
1276
1383
2028
1287
1278
1275
2313
1287
1288
1278
1279
1126
2198
1284
1273
1270
1267
1305
2103
1275
1284
1278
1617
1539
1804
1280
1292
1659
1527
1911
1281
1278
1662
1537
1889
1292
1279
1282
2342
1329
1400
1280
1279
2388
1586
1289
1293
1151
2024
1871
1285
1280
1282
2066
1121
1678
1282
1281
2018
1242
1476
1286
1284
1417
1755
1880
1297
1284
1285
2424
1871
1289
1286
1484
1698
1895
1292
1287
1153
2040
1890
1280
1278
1279
2245
1276
1450
1278
1285
2211
1510
1290
1278
1282
1095
2285
1808
1297
1284
1585
1357
1651
1283
1284
1549
1636
1178
1569
1288
1529
1664
1282
1276
1802
1934
1880
2272
2113
1744
1982
2258
1292
1274
2335
1086
1678
1290
1240
2314
1304
1894
1278
1218
2293
1131
1713
1284
1221
2275
1305
1297
1893
1281
1651
1490
1284
1292
1275
1272
1281
1257
1298
1278
1280
1279
1283
1277
1309
1276
1273
1277
1282
1262
1295
1281
1268
1277
1276
1276
1297
1275
1279
1270
1276
1261
1272
1278
1277
1278
1278
1277
1273
1278
1285
1275
1277
1277
1307
1270
1271
1281
1280
1279
1300
1275
1277
1276
1276
1276
1278
1283
1275
1271
1278
1278
1304
1274
1276
1278
1280
1279
1302
1276
1278
1276
1275
1278
1300
1278
1277
1281
1272
1284
1289
1280
1300
1280
1279
1278
1277
1266
1278
1274
1278
1276
1279
1272
1289
1280
1281
1273
1281
1280
1275
1259
1276
1268
1256
1284
1262
1266
1273
1261
1313
1309
1281
1261
1274
1275
1262
1292
1283
1277
1280
1279
1275
1303
1284
1277
1269
1280
1272
1301
1278
1275
1271
1282
1275
1290
1274
1288
1274
1275
1275
1279
1277
1272
1283
1293
1286
1301
1279
1278
1283
1275
1278
1289
1286
1271
1275
1281
1275
1291
1270
1277
1277
1282
1275
1301
1281
1275
1282
1535
2232
2230
2238
2239
1795
1284
1282
1284
1279
1285
1281
1275
1272
1281
1281
2245
2255
2439
1281
1284
1286
1283
1280
1284
1276
1277
1282
1283
1284
1276
1283
1283
1271
1273
1277
1279
1277
1274
1272
1284
1270
1276
1279
1278
1276
1275
1279
1250
1277
1273
1276
1278
1277
1274
1277
1279
1276
1277
1275
1273
1276
1275
1273
1273
1280
1282
1283
1249
2004
1699
1279
1291
1276
1280
1276
1276
1274
1075
2302
1288
1279
1292
1271
1279
1260
1285
1271
1281
1274
1279
1270
1297
1153
1959
1278
1286
1314
1300
1272
1336
1273
1840
2258
2269
2266
2283
1731
1283
1283
1293
1301
1298
1307
1281
1273
1294
1279
1285
1273
1288
1279
1280
1277
1275
1274
1273
1272
1271
1279
1276
1277
1289
1277
1269
1281
1299
1281
1279
1274
1278
1278
1278
1279
1281
1273
1279
1275
1282
1277
1277
1280
1277
1273
1276
1282
1277
1278
1270
1279
1281
1282
1274
1274
1276
1273
1277
1278
1280
1278
1271
1275
1278
1279
1279
1277
1269
1278
1273
1278
1316
1281
1279
1280
1284
1306
1275
1276
1276
1701
2242
2242
2012
1278
1283
1282
1276
1277
1286
1272
1279
1290
1283
1279
1277
1278
1269
1276
1274
1276
1278
1276
1276
1276
1276
1277
1275
1276
1271
1273
1271
1273
1290
1276
1281
1276
1283
1300
1282
1275
1279
1276
1274
1280
1274
1276
1273
1302
1280
1277
1279
1273
1278
1298
1279
1273
1276
1278
1278
1290
1281
1280
1280
1276
1277
1290
1275
1273
1281
1276
1273
1292
1279
1279
1281
1281
1274
1287
1277
1283
1295
1281
1276
1292
1277
1277
1280
1281
1281
1292
1279
1278
1277
1276
1278
1297
1274
1269
1275
1276
1278
1293
1281
1282
1278
1281
1273
1274
1278
1275
1278
1278
1280
1280
1281
1275
1283
1271
1277
1276
1277
1277
1279
1274
1279
1275
1278
1297
1278
1280
1274
1277
1295
1280
1283
1279
1275
1272
1305
1275
1280
1276
1276
1272
1303
1274
1285
1272
1277
1277
1290
1276
1276
1282
1277
1278
1296
1285
1277
1285
1278
1276
1279
1274
1276
1277
1289
1282
1294
1280
1276
1277
1282
1276
1296
1278
1279
1278
1271
1275
1291
1276
1273
1276
1277
1278
1287
1276
1279
1274
1275
1277
1266
1289
1279
1277
1278
1279
1292
1276
1276
1280
1281
1275
1271
1278
1269
1278
1278
1279
1274
1278
1276
1274
1278
1275
1271
1296
1277
1275
1277
1274
1278
1277
1276
1278
1280
1273
1273
1273
1274
1281
1279
1277
1274
1276
1277
1273
1278
1276
1272
1273
1281
1274
1283
1274
1275
1278
1278
1282
1278
1272
1279
1273
1274
1278
1281
1274
1293
1274
1272
1298
1275
1273
1266
1269
1291
1274
1279
1282
1280
1257
1284
1277
1281
1275
1279
1304
1285
1280
1279
1272
1278
1271
1278
1279
1273
1277
1275
1273
1293
1279
1280
1274
1278
1283
1283
1270
1276
1281
1284
1271
1276
1272
1280
1276
1280
1274
1280
1277
1275
1274
1220
1284
1277
1278
1280
1288
1279
1277
1278
1314
1275
1277
1278
1273
1285
1283
1277
1274
1279
1276
1279
1272
1278
1275
1277
1273
1272
1278
1279
1281
1271
1275
1273
1274
1272
1277
1277
1273
1274
1274
1276
1276
1279
1278
1288
1276
1274
1277
1275
1273
1283
1277
1283
1271
1273
1281
1269
1276
1272
1278
1277
1276
1272
1278
1276
1274
1277
1258
1256
1277
1274
1273
1270
1261
1261
1277
1260
1266
1258
1261
1261
1273
1274
1251
1261
1265
1259
1273
1281
1276
1257
1259
1278
1289
1278
1271
1267
1274
1283
1278
1281
1271
1275
1274
1274
1304
1276
1280
1282
1428
2257
1284
1282
1277
1272
1326
1358
1280
1275
1269
1278
1279
1356
1281
1293
1277
1277
1276
1361
1276
1277
1279
1281
1288
1323
1277
1281
1291
1280
1276
1209
1277
1282
1277
1258
1746
2004
1279
1281
1276
1271
1270
1280
1257
1254
1272
1272
1283
1270
1281
1253
1280
1277
1285
1276
1281
1271
1271
1277
1267
1278
1273
1283
1273
1280
1257
1278
1271
1261
1263
1260
1280
1266
1280
1272
1277
1270
1280
1272
1284
1270
1268
1277
1256
1276
1277
1272
1257
1270
1268
1272
1277
1262
1256
1280
1273
1268
1277
1259
1264
1254
1267
1278
1284
1272
1276
1250
1252
1282
1278
1275
1257
1262
1259
1280
1275
1277
1252
1266
1277
1260
1271
1277
1285
1259
1261
1265
1281
1270
1265
1260
1244
1259
1276
1275
1254
1270
1260
1268
1254
1278
1257
1265
1259
1257
1257
1278
1279
1277
1274
1265
1274
1271
1273
1272
1260
1250
1256
1280
1276
1279
1280
1281
1277
1312
1277
1285
1276
1375
1300
1268
1280
1280
1283
1335
1280
1275
1283
1275
1289
1274
1278
1273
1278
1278
1268
1279
1280
1289
1279
1284
1275
1283
1274
1279
1272
1283
1278
1254
1254
1278
1283
1276
1314
1280
1282
1279
1284
1281
1286
1276
1273
1282
1280
1281
1274
1068
2280
1276
1268
1274
1277
1276
1275
1275
1275
1275
1282
1274
1277
1282
1277
1276
1277
1278
1276
1270
1275
1281
1276
1273
1275
1273
1277
1280
1277
1274
1272
1275
1276
1284
1280
1277
1278
1289
1283
1280
1279
1284
1280
1255
1281
1253
1285
1261
1281
1274
1284
1279
1290
1278
1290
1278
1267
1276
1273
1283
1281
1281
1275
1281
1272
1268
1275
1272
1277
1273
1278
1255
1256
1266
1277
1260
1276
1268
1255
1281
1283
1273
1271
1277
1270
1281
1278
1278
1279
1279
1284
1275
1280
1287
1277
1266
1328
1280
1282
1270
1281
1278
1281
1274
1286
1277
1283
1281
1279
1278
1268
1284
1275
1279
1272
1352
1278
1284
1278
1276
1218
1282
1275
1277
1277
1275
1279
1272
1282
1279
1277
1278
1280
1273
1276
1281
1269
1280
1280
1277
1270
1278
1275
1282
1277
1276
1277
1274
1275
1272
1276
1277
1273
1276
1277
1276
1278
1277
1281
1280
1281
1272
1274
1276
1274
1289
1274
1277
1280
1278
1281
1284
1278
1276
1277
1273
1281
1281
1282
1281
1279
1276
1276
1279
1280
1275
1274
1268
1257
1276
1271
1263
1270
1256
1264
1269
1268
1259
1268
1256
1254
1262
1281
1255
1261
1267
1261
1274
1279
1259
1259
1271
1252
1254
1277
1261
1261
1272
1276
1254
1279
1283
1275
1272
1261
1258
1273
1271
1256
1263
1287
1263
1283
1269
1254
1267
1256
1254
1263
1276
1260
1277
1268
1258
1269
1272
1256
1260
1253
1257
1282
1278
1275
1255
1267
1266
1278
1283
1289
1276
1277
1276
1276
1268
1275
1284
1230
1692
1274
1282
1277
1274
1222
1277
1277
1279
1282
1274
1276
1279
1282
1281
1276
1274
1285
1277
1283
1275
1282
1279
1280
1281
1276
1280
1277
1276
1279
1255
1278
1280
1274
1275
1282
1261
1276
1275
1279
1283
1282
1332
1283
1273
1276
1275
1277
1339
1278
1275
1279
1276
1273
2224
1494
1280
1292
1278
1281
1274
1274
1271
1271
1281
1270
1289
1278
1285
1276
1281
1283
1287
1279
1288
1277
1270
1282
1278
1280
1280
1288
1282
1282
1270
1265
1276
1286
1278
1251
1264
1261
1286
1261
1267
1259
1276
1250
1285
1261
1247
1266
1265
1268
1278
1272
1258
1265
1260
1270
1279
1288
1261
1257
1258
1264
1281
1273
1261
1255
1261
1260
1271
1275
1259
1280
1250
1273
1277
1278
1258
1269
1274
1262
1279
1276
1275
1258
1278
1277
1279
1278
1284
1271
1276
1315
1283
1277
1285
1271
1267
1279
1282
1281
1275
1282
1281
1285
1275
1283
1274
1280
1273
1285
1281
1271
1268
1283
1283
1276
1280
1279
1279
1279
1284
1277
1278
1281
1270
1276
1275
1280
1276
1279
1278
1283
1282
1280
1272
1274
1280
1280
1275
1277
1278
1280
1280
1277
1279
1276
1277
1277
1286
1278
1271
1280
1276
1281
1274
1280
1274
1278
1275
1281
1274
1276
1279
1273
1277
1277
1281
1274
1288
1282
1278
1274
1279
1276
1284
1277
1271
1276
1276
1282
1283
1278
1281
1280
1281
1277
1278
1278
1270
1268
1276
1280
1279
1276
1283
1275
1280
1280
1278
1273
1280
1268
1281
1278
1273
1279
1272
1272
1275
1274
1282
1280
1281
1284
1282
1276
1281
1271
1276
1277
1277
1275
1277
1274
1275
1281
1284
1280
1286
1277
1277
1276
1274
1288
1274
1282
1277
1968
2261
2257
1752
1284
1275
1285
1276
1283
1066
2188
1281
1287
1275
1092
2097
1337
1283
1284
1279
1754
1468
1286
1274
1281
1069
2114
1283
1278
1278
1291
1507
1723
1275
1275
1277
1607
1561
1279
1287
1278
1269
2134
1326
1273
1280
1280
1101
2206
1282
1286
1286
1278
2340
1345
1285
1280
1282
1826
1404
1273
1277
1281
1066
2117
1324
1269
1276
1278
1490
1779
1259
1289
1271
1864
1798
1286
1280
1276
1277
1285
1280
2260
1393
1295
1816
1475
1317
1290
1284
1277
1308
1303
1275
1282
1279
1274
1274
1297
1279
1277
1271
1281
1272
1298
1276
1279
1272
1274
1284
1298
1285
1277
1285
1283
1280
1300
1291
1275
1284
1271
1268
1335
1268
1276
1277
1277
1275
1303
1274
1278
1270
1287
1276
1288
1276
1277
1283
1281
1286
1292
1282
1273
1278
1274
1281
1294
1280
1279
1313
1279
1273
1308
1275
1280
1275
1278
1276
1290
1283
1282
1270
1266
1282
1263
1283
1271
1283
1277
1282
1266
1284
1279
1281
1272
1273
1272
1293
1285
1319
1284
1339
1304
1338
1311
1318
1331
1276
1276
1291
1290
1279
1297
1281
1260
1283
1274
1283
1274
1282
1272
1291
1274
1282
1272
1280
1278
1288
1279
1276
1270
1276
1315
1287
1279
1277
1272
1277
1276
1288
1275
1273
1279
1277
1273
1289
1271
1276
1276
1277
1279
1284
1274
1277
1276
1276
1276
1282
1281
1271
1275
1278
1279
1282
1278
1278
1277
1272
1273
1279
1275
1271
1277
1277
1276
1286
1280
1275
1277
1264
1260
1277
1278
1261
1299
1276
1281
1263
1285
1278
1312
1276
1296
1268
1307
1283
1279
1283
1304
1263
1280
1211
1269
1280
1305
1265
1278
1271
1275
1277
1279
1282
1283
1274
1277
1274
1279
1281
1286
1275
1275
1274
1278
1278
1293
1280
1275
1274
1270
1280
1291
1278
1273
1279
1280
1275
1282
1279
1274
1277
1274
1269
1343
1285
1368
1421
1952
1287
1286
1277
1285
1275
1282
1273
1283
1275
1274
1282
1281
1260
1277
1275
1274
1277
1266
1256
1293
1292
1277
1257
1259
1258
1301
1269
1276
1262
1260
1264
1299
1276
1261
1263
1259
1292
1295
1273
1269
1258
1259
1260
1286
1273
1257
1259
1268
1259
1252
1280
1287
1263
1256
1262
1285
1277
1266
1228
1278
1264
1253
1280
1257
1262
1290
1293
1271
1300
1273
1285
1278
1265
1247
1266
1277
1275
1313
1301
1282
1300
1305
1298
1282
1275
1256
1309
1296
1277
1302
1279
1272
1304
1275
1275
1273
1279
1279
1309
1279
1278
1284
1286
1277
1299
1283
1283
1291
1288
1292
1333
1290
1274
1286
1343
1293
1321
1292
1283
1283
1282
1285
1324
1283
1301
1293
1289
1277
1316
1289
1295
1292
1285
1292
1307
1290
1284
1300
1288
1294
1304
1293
1280
1286
1178
2275
2265
2388
1333
1343
1279
1304
1279
1174
2461
1282
1277
1286
1279
2313
1279
1279
1269
1277
1112
2488
1297
1280
1276
1279
1769
1702
1281
1284
1272
1546
1922
1281
1294
1279
1959
1952
1290
1275
1288
1276
1965
1348
1284
1288
1281
1229
2126
1306
1297
1307
1339
1885
1294
1288
1278
1110
2136
1273
1306
1290
1313
2326
1311
1284
1281
1271
1228
2324
1277
1286
1287
1252
2378
1316
1279
1290
1392
2367
1950
1295
1302
1289
1834
1369
1284
1296
1286
1284
1288
1295
1272
1284
1279
1278
1287
1271
1281
1277
1281
1278
1275
1275
1283
1275
1281
1276
1277
1272
1273
1274
1279
1281
1280
1280
1277
1278
1281
1278
1277
1280
1280
1274
1278
1276
1280
1272
1278
1278
1279
1273
1274
1275
1277
1288
1271
1274
1280
1289
1282
1283
1279
1277
1277
1280
1286
1340
1282
1274
1277
1277
1287
1277
1281
1276
1302
1283
1297
1289
1285
1282
1281
1276
1285
1278
1279
1280
1278
1278
1282
1279
1279
1277
1283
1284
1276
1282
1279
1281
1276
1261
1269
1277
1271
1272
1293
1279
1285
1277
1275
1274
1270
1274
1271
1277
1271
1264
1268
1263
1257
1282
1260
1295
1276
1269
1276
1282
1290
1284
1283
1285
1288
1281
1291
1276
1278
1285
1258
1277
1287
1289
1280
1287
1281
1288
1283
1289
1290
1271
1284
1274
1267
1269
1287
1283
1286
1299
1374
1278
1273
1286
1289
1290
1305
1275
1291
1412
1404
1310
1302
1299
1285
1336
1275
1303
1290
1296
1287
1300
1292
1292
1293
1297
1318
1308
1298
1286
1295
1276
1277
1283
1289
1286
1302
1295
1286
1282
1287
1332
1301
1289
1272
1295
1277
1318
1283
1289
1284
1302
1295
1272
1361
1287
1282
1299
1287
1280
1278
1289
1297
1279
1290
1292
1290
1287
1291
1280
1282
1286
1279
1281
1283
1270
1284
1289
1279
1284
1274
1283
1263
1293
1279
1279
1278
1268
1271
1280
1290
1278
1284
1285
1276
1312
1282
1283
1291
1289
1297
1298
1281
1286
1289
1284
1288
1307
1293
1294
1292
1283
1281
1294
1302
1302
1293
1336
1297
1286
1292
1284
1294
1294
1295
1298
1300
1284
1286
1279
1293
1289
1271
1286
1279
1282
1279
1292
1275
1285
1278
1280
1280
1294
1273
1273
1277
1273
1278
1275
1275
1275
1277
1279
1276
1273
1278
1282
1276
1282
1277
1280
1280
1280
1279
1276
1279
1268
1274
1282
1283
1275
1277
1276
1280
1274
1281
1278
1280
1279
1283
1278
1278
1279
1272
1277
1273
1275
1279
1282
1279
1282
1271
1274
1279
1282
1274
1278
1279
1277
1276
1278
1280
1276
1281
1272
1277
1279
1235
1277
1278
1279
1266
1278
1283
1282
1276
1280
1281
1280
1278
1274
1277
1276
1275
1272
1276
1273
1277
1278
1276
1277
1271
1266
1274
1269
1263
1257
1267
1277
1254
1279
1267
1278
1262
1266
1274
1276
1276
1256
1279
1256
1278
1280
1271
1260
1272
1266
1259
1277
1260
1267
1256
1261
1258
1274
1277
1271
1273
1271
1277
1280
1271
1262
1278
1260
1278
1268
1282
1265
1263
1265
1261
1270
1277
1277
1270
1273
1278
1283
1280
1280
1276
1275
1276
1277
1279
1277
1278
1271
1277
1277
1280
1277
1280
1277
1275
1275
1276
1276
1280
1279
1278
1273
1274
1277
1280
1281
1277
1280
1279
1277
1281
1273
1271
1276
1276
1278
1280
1274
1281
1277
1282
1281
1284
1274
1280
1333
1276
1278
1270
1278
1276
1275
1276
1275
1276
1280
1275
1276
1276
1277
1275
1272
1275
1277
1282
1272
1280
1275
1274
1272
1272
1273
1274
1272
1273
1279
1341
1279
1277
1279
1273
1279
1274
1278
1270
1274
1282
1275
1275
1276
1273
1275
1275
1279
1282
1276
1281
1277
1280
1277
1279
1280
1272
1277
1272
1280
1256
1278
1273
1275
1274
1263
1267
1272
1273
1260
1278
1257
1267
1278
1271
1266
1276
1278
1275
1274
1251
1273
1261
1255
1257
1266
1277
1260
1256
1255
1262
1265
1280
1255
1271
1266
1258
1258
1279
1270
1267
1263
1254
1251
1282
1259
1248
1261
1264
1255
1281
1273
1253
1259
1253
1257
1279
1257
1267
1262
1262
1286
1270
1271
1255
1272
1274
1278
1410
1282
1258
1283
1277
1279
1506
2107
1273
1280
1277
1201
1280
1281
1277
1291
1275
1200
1278
1272
1287
1304
1274
1237
1317
1277
1285
1275
1277
1286
1355
1281
1276
1292
1277
1257
1354
1272
1246
1257
1254
1253
1366
1262
1258
1269
1248
1262
1357
1276
1255
1258
1258
1256
1360
1275
1271
1262
1260
1264
1369
1276
1253
1280
1264
1257
2003
2371
2398
2395
2391
2084
1448
1444
1410
1433
1433
1455
1433
1438
1416
1435
1406
1421
1415
1406
1434
1434
1435
1409
1453
1428
1432
1433
1433
1424
1417
1409
1441
1426
1417
2175
2350
2596
2600
2617
2613
2600
2606
2616
2318
1620
1620
1607
1387
1289
1291
1291
1299
1294
1321
1300
1301
1296
1293
1289
1319
1300
1301
1292
1293
1293
1326
1296
1292
1295
1296
1291
1310
1306
1295
1294
1295
1293
1317
1304
1289
1294
1292
1300
1315
1292
1304
1293
1290
1302
1324
1294
1295
1300
1298
1306
1313
1298
1297
1296
1299
1295
1311
1295
1296
1292
1292
1261
1321
1298
1298
1293
1298
1287
1313
1293
1291
1298
1300
1297
1349
1299
1300
1297
1292
1293
1298
1304
1290
1290
1295
1299
1290
1293
1290
1291
1295
1296
1291
1406
1782
1787
1308
1350
1288
1296
1296
1386
1295
1312
1289
1296
1293
1297
1295
1293
1300
1291
1298
1289
1296
1289
1298
1296
1290
1283
1305
1296
1293
1318
1288
1291
1288
1291
1292
1297
1293
1325
1289
1295
1289
1299
1292
1296
1297
1326
1430
1868
2233
2615
1575
1303
1297
1297
1297
1569
2152
2010
2576
2600
2869
1307
1305
1998
1375
1292
1300
1290
1298
1291
1330
1298
1300
1297
1290
1290
1597
1299
1477
1301
1295
1337
1296
2195
2281
1709
1303
1298
1303
1557
2290
2274
2266
2137
1300
1316
1297
1303
1302
1356
1304
1295
1298
1302
1298
1304
1295
1302
1297
1295
1294
1324
1303
1299
1302
1300
1300
1297
1296
1306
1292
1303
1292
1298
1294
1292
1295
1295
1295
1297
1286
1297
1288
1295
1290
1294
1297
1297
1290
1296
1299
1298
1294
1288
1303
1294
1293
1295
1296
1300
1332
1293
1291
1296
1294
1290
1292
1299
1293
1293
1287
1297
1289
1301
1291
1300
1294
1294
1322
1295
1290
1291
1297
1297
1296
1297
1293
1299
1304
1292
1298
1293
1299
1298
1298
1291
1295
1314
1293
1297
1291
1295
1298
1373
1294
1292
1295
1298
1297
1319
1296
1718
1301
1298
1297
1290
1296
1294
1294
1296
1297
1298
2113
2288
2283
2214
1302
1307
1308
1295
1298
1303
1302
1295
1295
1292
1295
1292
1295
1302
1295
1293
1297
1304
1295
1294
1287
1298
1293
1295
1296
1296
1310
1314
1300
1297
1298
1297
1293
1288
1291
1300
1305
1297
1297
1294
1121
2312
1593
1299
1297
1296
1296
1304
1292
1288
1294
1297
1298
1295
1300
1296
1300
1293
1302
1293
1298
1298
1297
1331
1294
1298
1297
1292
1292
1299
1295
1295
1293
1296
1298
1297
1292
1299
1297
1295
1294
1292
1300
1291
1295
1305
1295
1295
1301
1298
1298
1296
1295
1295
1296
1289
1294
1298
1292
1299
1308
1300
1295
1297
1294
1361
1296
1291
1298
1301
1293
1298
1299
1293
1297
1298
1297
1295
1300
1289
1289
1299
1291
1291
1298
1295
1295
1285
1295
1296
1294
1287
1295
1287
1296
1291
1289
1302
1301
1295
1291
1301
1301
1288
1294
1292
1298
1293
1301
1299
1297
1287
1298
1292
1292
1288
1301
1295
1290
1296
1300
1295
1298
1295
1300
1294
1300
1291
1293
1289
1297
1294
1297
1298
1295
1287
1298
1292
1295
1298
1292
1297
1299
1303
1289
1308
1297
1294
1298
1293
1286
1296
1302
1296
1285
1299
1295
1319
1297
1295
1297
1211
2282
2279
2283
1566
1333
1319
1299
1317
1819
2297
1825
1293
1299
1899
2503
1570
1927
1963
2523
1298
1298
1304
2263
2190
1309
1312
1303
1688
2195
2377
2139
2311
1543
1333
1887
2313
2327
2292
1351
1304
1306
1310
1308
1309
1306
1855
2320
2336
2328
1330
1310
1309
1306
1167
2310
1878
1300
1308
2021
2327
1309
1306
1302
2261
2046
1315
1303
1326
2338
1477
1301
1306
1690
2566
1306
1300
1303
1404
2316
1489
1304
1303
1831
2568
1324
1306
1262
2321
2016
1291
1421
2401
2230
1357
1326
1314
1408
1323
1294
1304
1315
1127
2310
2334
1308
1310
1312
1306
1304
1322
1302
1295
2125
2301
1353
1309
1701
2319
1756
1303
1316
2309
2459
1312
1307
1634
2314
1800
1304
1307
2241
2480
1316
1310
1873
2323
1510
1308
1306
2056
2564
1310
1261
2071
2336
1664
1313
1279
2330
2328
1312
1311
1944
2405
1312
1300
1305
1869
2398
1318
1294
1116
2327
1870
1318
1308
1340
2322
2166
1339
1186
2324
1953
1332
1303
1622
2558
1742
1673
1398
2342
1492
1306
1304
1514
2370
1317
1309
1293
1988
2306
1315
1311
1173
2342
1816
1308
1311
1302
1686
2328
1630
1336
1525
2326
1341
1307
1315
1398
2330
1906
1309
1310
1330
2334
1912
1315
1314
2328
2323
1320
1082
2147
1316
1308
1309
1392
1792
2328
1424
1305
1311
1205
1469
1302
1304
1321
1859
1383
1323
1308
1290
1115
2077
1307
1323
1309
1284
2347
1341
1318
1325
1310
2077
1295
1323
1297
1323
1299
2343
1320
1334
1303
1328
1896
2321
1519
1308
1323
2183
2382
1347
1309
2368
1287
1334
1304
1323
1954
2320
1448
1316
1338
2040
2336
1346
1305
1221
2323
2398
1337
1305
1472
2332
1879
1331
1296
2204
2503
1318
1338
1304
1322
1306
1314
1313
1285
2319
2333
1337
1298
1762
1451
1331
1309
1331
1193
2240
1309
1364
1309
1339
1824
1395
1303
1323
1325
1118
2164
1336
1282
1298
2019
1683
1327
1299
1314
1309
1927
1315
1320
1381
1326
1310
1344
1303
1314
1307
1318
1305
1323
1297
1298
1295
1295
1309
1318
1292
1295
1294
1287
1300
1321
1300
1298
1296
1303
1308
1319
1291
1296
1301
1296
1310
1311
1305
1294
1298
1293
1309
1313
1299
1296
1301
1298
1306
1323
1305
1295
1297
1300
1289
1326
1299
1298
1299
1299
1297
1327
1295
1296
1291
1296
1296
1326
1296
1295
1293
1300
1296
1303
1301
1293
1295
1295
1297
1327
1296
1301
1298
1299
1291
1318
1310
1294
1296
1301
1301
1322
1307
1298
1295
1295
1293
1328
1316
1288
1294
1288
1286
1337
1309
1288
1293
1284
1285
1310
1289
1294
1289
1289
1287
1331
1291
1294
1290
1291
1286
1310
1271
1295
1292
1143
2287
2282
2270
2414
1402
1345
1353
1322
1331
1307
1357
1313
1364
1204
1833
1322
1316
1298
1337
1298
1289
1323
1301
1304
1312
1299
1294
1325
1203
1322
1318
2003
2143
1299
1290
1316
1293
1299
1322
1296
1292
1290
1296
1296
1321
1306
1295
1308
1297
1295
1319
1293
1301
1295
1312
1300
1319
1295
1303
1295
1311
1297
1323
1293
1299
1302
1309
1289
1315
1292
1286
1295
1304
1302
1318
1300
1296
1289
1307
1297
1322
1289
1296
1292
1302
1294
1324
1290
1290
1298
1291
1306
1320
1302
1298
1300
1304
1309
1320
1297
1291
1293
1297
1304
1318
1277
1292
1300
1291
1315
1326
1296
1299
1294
1285
1293
1319
1284
1290
1287
1289
1282
1328
1293
1295
1292
1284
1285
1334
1291
1290
1283
1285
1296
1334
1291
1290
1295
1291
1303
1322
1296
1283
1295
1290
1286
1327
1292
1285
1287
1284
1297
1319
1307
1294
1288
1285
1280
1317
1305
1293
1297
1289
1294
1313
1310
1293
1294
1302
1291
1315
1308
1290
1287
1286
1293
1313
1277
1290
1285
1287
1283
1314
1284
1318
1289
1289
1289
1325
1286
1305
1297
1302
1286
1319
1299
1306
1291
1285
1286
1313
1295
1307
1300
1294
1292
1314
1289
1290
1310
1291
1280
1309
1284
1286
1308
1294
1280
1319
1286
1293
1304
1293
1292
1314
1287
1286
1298
1287
1295
1316
1290
1288
1300
1283
1284
1305
1293
1287
1314
1292
1281
1324
1289
1331
1231
1790
1315
1325
1309
1278
1287
1328
1319
1321
1296
1300
1312
1316
1322
1297
1295
1299
1295
1298
1313
1292
1296
1294
1285
1299
1320
1298
1305
1288
1295
1301
1326
1304
1287
1289
1288
1271
1316
1294
1290
1290
1280
1274
1307
1295
1286
1279
1280
1285
1320
1287
1315
1292
1296
1285
1332
1292
1289
1280
1275
1283
1321
1287
1283
1291
1281
1283
1356
1295
1285
1296
1283
1288
1297
1309
1285
1282
1276
1276
1285
1309
1284
1287
1254
1295
1312
1312
1300
1282
1282
1279
1277
1304
1293
1288
1277
1307
1318
1276
1285
1290
1287
1292
1280
1283
1288
1288
1274
1285
1282
1324
1345
1315
1314
1309
1348
1300
1291
1289
1153
1348
1318
1291
1310
1294
1298
1337
1317
1290
1309
1282
1286
1249
1495
1302
1329
1316
1107
2294
1496
1333
1311
1192
1805
1310
1321
1325
1304
2101
1340
1312
1319
1311
1482
1467
1309
1307
1315
1302
1309
1320
1304
1306
1296
1301
1675
2293
2279
2233
1311
1297
1314
1307
1300
1332
2302
2190
1296
1305
1866
2317
1507
1295
1307
2306
2052
1304
1304
2042
2391
1307
1303
1079
2322
1860
1299
1304
1711
2474
1310
1302
1306
1657
2399
1310
1303
1313
2174
2191
1305
1300
1184
1648
1306
1298
1302
1296
1088
1522
1288
1298
1294
1293
1754
1303
1298
1300
1292
1300
1798
1298
1313
1301
1295
1933
1291
1293
1296
1306
1294
1804
1264
1300
1297
1305
1251
1708
1296
1302
1301
1299
1700
1298
1294
1292
1289
1294
1454
1308
1294
1297
1292
1295
1798
1294
1287
1299
1294
1283
1740
1301
1299
1308
1289
1137
1447
1299
1296
1294
1292
1799
1293
1291
1294
1292
1300
1293
1294
1295
1295
1691
1299
1293
1298
1277
1303
1287
1110
2321
1317
1297
1308
1296
1303
1301
1303
1292
1298
1297
1295
1298
1297
1298
1297
1295
2298
2297
2285
1505
1292
1297
1300
1299
1298
1089
2311
2021
1315
1295
1954
2529
1307
1305
1299
2119
2448
1295
1308
1121
2302
2072
1305
1308
1693
2318
1386
1301
1281
2324
2051
1307
1305
1444
2337
1695
1310
1304
1307
2273
2369
1311
1307
1301
1274
2273
2346
2313
2340
2331
2362
2354
2289
1527
1743
2259
2403
2443
2060
2316
1884
1315
2272
2260
1308
1316
1337
2333
1936
1312
1307
2151
2489
1320
1309
1305
2220
2545
1316
1310
1628
2337
1542
1314
1286
2329
2388
1309
1315
1772
2575
1316
1313
1313
1309
1322
1301
1306
1303
1300
1522
2310
1757
1307
1258
2320
2425
1311
1304
1614
2329
1608
1314
1313
1856
2384
1321
1306
1608
2333
1629
1301
1302
1902
2335
1511
1297
1332
2336
2025
1319
1311
2285
2444
1323
1321
1098
2329
2055
1313
1344
1625
2334
1549
1304
1310
2131
2229
1312
1306
1311
2196
2154
1313
1306
1109
2331
1770
1304
1306
1966
2358
1312
1305
1308
1941
2418
1304
1301
1229
2341
1635
1315
1305
1355
2344
1511
1307
1306
1749
2517
1314
1303
1305
1723
2573
1308
1318
1141
2328
1880
1304
1303
1298
2346
1496
1312
1309
1267
2336
1561
1313
1299
1952
2424
1312
1636
1330
1366
2399
2010
1319
1549
2391
1323
1306
1308
1939
2330
1308
1309
1301
2276
1997
1322
1308
1229
2384
1550
1311
1312
1532
2394
1377
1302
1384
2311
2412
1315
1301
1290
2348
1566
1308
1304
1333
2392
1614
1302
1302
1621
2471
1314
1312
1306
2057
2232
1313
1307
1429
2357
1328
1301
1295
1647
2452
1314
1308
1308
1966
2372
1322
1332
1377
2353
2454
1318
1309
1193
2339
1629
1309
1298
1696
2468
1316
1305
1307
2194
2124
1321
1310
1185
2343
2532
1313
1313
2066
2603
1333
1313
1081
2344
2521
1336
1311
1833
2386
1783
1305
2073
2383
1807
1322
1280
2376
2157
1310
1201
2328
1950
1329
1316
1584
2420
1330
1313
1315
1377
1324
1329
1307
1306
1313
1747
1310
1327
1301
1306
1322
1306
1290
1299
1310
1305
1708
1303
1315
1310
1305
1305
1772
1300
1306
1302
1308
1299
1776
1317
1307
1340
1301
1269
1387
1300
1315
1319
1289
2005
1317
1313
1303
1301
1095
1512
1319
1302
1316
1348
1755
1310
1324
1296
1308
1296
1771
1296
1309
1317
1312
1299
1774
1309
1309
1297
1297
1304
1299
1311
1306
1305
1300
1296
1296
1307
1299
1306
1295
1751
1932
1297
1302
1304
1299
1304
1302
1306
1291
1298
1299
1295
1300
1298
1295
1302
1299
1298
1301
1305
1307
1311
1294
1343
1314
1301
1304
1298
1300
1298
1312
1294
1300
1299
1306
1294
1301
1300
1297
1299
1296
1303
1295
1302
1298
1301
1299
1298
1299
1310
1301
1302
1296
1303
1295
1294
1295
1303
1294
1301
1295
1294
1300
1296
1304
1294
1303
1300
1301
1296
1297
1300
1292
1303
1300
1297
1294
1289
1291
1297
1287
1288
1284
1283
1296
1290
1289
1298
1291
1291
1294
1287
1300
1296
1293
1298
1294
1297
1295
1295
1294
1291
1298
1297
1300
1298
1297
1295
1299
1294
1296
1297
1348
1299
1302
1303
1300
1289
1295
1300
1301
1293
1300
1306
1300
1300
1301
1294
1293
1298
1301
1358
1343
1300
1304
1296
1294
1294
1302
1303
1302
1302
1440
2287
1314
1302
1302
1299
1303
1291
1295
1296
1294
1298
1297
1307
1302
1299
1297
1297
1300
1302
1302
1304
1304
1301
1302
1307
1299
1294
1301
1305
1299
1301
1296
1295
1298
1293
1321
1302
1301
1303
1295
1307
1295
1303
1300
1305
1300
1302
1298
1307
1306
1298
1299
1300
1298
1304
1298
1299
1298
1301
2293
2299
1672
1300
1304
1299
1300
1304
1310
1307
1317
1306
1304
1304
1307
1305
1304
1308
1293
1302
1307
1295
1398
1303
1307
1303
1292
2172
1929
1947
1408
1373
1466
1320
2245
2293
2309
2348
2300
2120
1356
1313
1308
1299
1289
1644
2303
2469
1312
1661
1829
1315
1307
1332
2315
1376
1319
1315
1316
1308
1620
2330
1601
1307
1093
2270
1307
1307
1305
1821
1532
1309
1303
1306
1558
1716
1317
1303
1306
1301
1836
1505
1309
1313
1809
1961
1438
1330
1307
1306
1308
1368
1417
1304
1311
1299
1483
2332
1880
1339
1305
2045
1424
1306
1304
1307
1052
1450
1304
1309
1302
1289
2185
2123
1318
1308
1308
1765
1971
1325
1314
1267
1667
1311
1313
1309
1486
2144
1302
1308
1309
1309
1299
2000
2315
2304
1603
1311
2022
1337
1345
1342
1425
2392
2317
2322
1654
1305
1310
1304
1306
1812
1311
1313
1307
1310
1097
1514
1306
1303
1308
1309
1814
1309
1308
1302
1296
1301
1789
1306
1303
1300
1300
1302
1771
1309
1301
1303
1302
1717
1306
1308
1300
1304
1299
1811
1297
1300
1307
1301
1409
1312
1309
1301
1297
1298
1180
1491
1348
1345
1323
1269
2042
1325
1317
1299
1242
2103
1297
1307
1298
1296
1184
1628
1298
1301
1297
1302
1299
1795
1294
1297
1297
1306
1247
1424
1328
1327
1328
1202
1841
1431
1374
1305
1298
1294
1103
2290
2288
2305
1512
1323
1307
1306
1304
1782
1314
1306
1310
1304
1320
1406
1302
1313
1295
1312
1794
1306
1291
1293
1295
1294
1804
1302
1310
1299
1296
1086
1545
1294
1292
1294
1301
1410
1300
1292
1299
1293
1294
1802
1298
1298
1304
1296
1293
1300
1313
1345
1457
1296
1898
1860
1299
1303
1293
1294
1290
1306
1294
1298
1291
1819
1297
1302
1841
1928
1786
1292
1296
1297
1293
1152
2309
1910
1298
1298
1230
2310
1961
1303
1300
1308
1301
1299
1292
1291
1295
1294
2297
2307
2302
1589
1301
2221
2377
1170
2330
1925
1303
1305
1725
2415
1315
1310
1308
2145
2219
2145
1319
1758
2484
1305
1916
1609
2297
2210
1216
2569
1336
2321
1682
1258
1721
1313
1315
1314
1309
1759
1305
1304
1307
1302
1300
1640
1307
1308
1304
1305
1303
1768
1301
1301
1301
1307
1314
2317
1497
1307
1305
1763
1304
1310
1305
1310
1301
1638
1304
1305
1304
1301
1297
1831
1306
1286
1317
1307
2137
2463
1310
1306
1307
2136
2180
1306
1303
1309
1824
1311
1305
1308
1298
1134
1499
1300
1297
1296
1300
1801
1429
1343
1300
1300
1587
1450
1389
1291
1303
1305
2231
1423
1305
1297
1299
1103
1563
1411
1299
1294
1318
1802
1390
1319
1308
1305
1299
1804
1379
1320
1292
1301
1285
1768
1378
1304
1296
1316
1506
2370
1324
1298
1314
1806
1406
1314
1306
1304
1187
1429
1397
1283
1311
1299
1755
1297
1386
1320
1305
1295
1803
1405
1301
1318
1302
1212
1660
1389
1312
1325
1299
1737
1335
1704
1300
1352
1144
1491
1393
1304
1320
1292
1319
1294
1389
1301
1311
1313
1298
1303
1379
1301
1294
1307
1294
1315
1381
1309
1303
1341
1300
1386
1302
1303
1294
1316
1295
1387
1311
1306
1294
1310
1288
1382
1305
1297
1303
1309
1306
1383
1307
1313
1300
1312
1303
1373
1324
1296
1305
1277
1359
1389
1294
1295
1283
1315
1299
1392
1297
1314
1296
1296
1316
1392
1300
1306
1291
1300
1332
1387
1294
1292
1317
1299
1313
1393
1303
1294
1302
1291
1322
1409
1310
1301
1295
1309
1306
2095
2571
2530
2404
1313
1309
1300
1297
1391
1297
1290
1290
1288
1297
1381
1299
1290
1297
1294
1285
1369
1280
1308
1289
1290
1287
1348
1289
1285
1285
1269
1291
1206
1300
1284
1301
1281
1315
1203
1298
1290
1294
1292
1285
1232
1297
1290
1296
1308
1289
1215
1297
1291
1285
1286
1281
1216
1312
1293
1283
1282
1272
1211
1305
1294
1281
1285
1285
1214
1293
1312
1295
1280
1290
1372
1304
1291
1286
1290
1289
1359
1285
1290
1276
1302
1293
1374
1297
1303
1290
1284
1289
1367
1287
1282
1287
1282
1293
1369
1285
1280
1293
1280
1285
1363
1289
1289
1284
1285
1290
1365
1292
1288
1286
1283
1293
1369
1292
1292
1289
1290
1296
1372
1296
1311
1293
1291
1289
1382
1289
1287
1290
1287
1292
1360
1295
1293
1297
1450
2274
2286
2276
2294
1400
1302
1301
1303
1312
1293
1381
1289
1287
1298
1301
1306
1378
1297
1302
1293
1297
1310
1375
1296
1303
1297
1307
1290
1421
1300
1286
1291
1287
1289
1364
1296
1290
1289
1286
1308
1375
1304
1288
1299
1289
1286
1372
1291
1304
1288
1316
2388
1300
1286
1296
1289
1288
1394
1294
1300
1312
1289
1384
1290
1290
1286
1299
1290
1217
1294
1302
1285
1303
1275
1211
1299
1290
1294
1304
1287
1219
1291
1297
1290
1289
1276
1384
1308
1293
1303
1296
1312
1368
1295
1299
1297
1296
1292
1389
1293
1304
1295
1292
1291
1379
1289
1295
1283
1295
1291
1363
1299
1306
1301
1289
1289
1362
1296
1281
1283
1313
1291
1417
1318
1285
1295
1308
1331
1371
1297
1295
1310
1300
1304
1706
1299
1295
1326
1300
1223
1303
1294
1304
1293
1315
1225
1297
1288
1299
1298
1295
1215
1283
1321
1303
1291
1291
1343
1285
1323
1293
1299
1297
1369
1291
1307
1307
1299
1293
1362
1980
2392
2357
2292
2353
2372
2381
2341
2347
1132
2297
2065
1313
1305
1182
1609
1310
1295
1298
1306
1304
1300
1296
1303
1297
1299
1300
1305
1300
1294
1297
1297
1296
1303
1301
1301
1299
1297
1305
1297
1302
1296
1306
1295
1293
1296
1297
1291
1305
1251
1313
1299
1298
1341
1297
1297
1299
1299
1300
1303
1296
1301
1290
1298
1297
1294
1298
1291
1294
1293
1302
1298
1308
1296
1292
1297
1305
1292
1298
1306
1303
1299
1298
1288
1299
1299
1301
1288
1300
1300
1298
1300
1307
1295
1297
1291
1299
1297
1295
1300
1299
1293
1291
1297
1296
1299
1293
1288
1302
1292
1296
1292
1295
1296
1296
1136
1309
1293
1297
1300
1313
1503
2283
2283
2391
1301
1298
1297
1298
1296
1302
1295
1293
1301
1301
1300
1294
1296
1298
1292
1293
1293
1302
1298
1297
1297
1296
1290
1306
1299
1303
1299
1296
1297
1296
1298
1293
1294
1296
1291
1292
1298
1294
1293
1296
1361
1290
1300
1298
1291
1303
1284
1298
1297
1290
1347
1297
1290
1303
1296
1300
1300
1301
1304
1298
1291
1310
1294
1297
1297
1299
1297
1298
1295
1391
1307
1301
1295
1298
1298
1377
1294
1302
1301
1297
1291
1293
1293
1257
1328
1301
1299
1302
1294
1298
1299
1293
1288
1299
1292
1291
1300
1290
1301
1295
1297
1298
1296
1290
1303
1294
1292
1295
1292
1293
1297
1301
1299
1290
1296
1294
1296
1295
1293
1301
1295
1297
1298
1301
1297
1294
1298
1297
1301
1298
1322
1329
1299
1364
1304
1296
1299
1301
1309
1294
1308
1295
1304
1296
1304
1300
1294
1296
1148
1418
1682
1303
1288
1412
1230
1310
1296
1301
1296
1307
1296
1960
1966
1299
1304
1304
1306
1324
1301
1297
1301
1295
1300
1313
1297
1299
1294
1258
1298
1301
1299
1299
1293
1294
1294
1288
1296
1298
1293
1300
2510
2592
1319
1303
1346
1333
1299
1305
1301
1305
1303
1337
1306
1301
1301
1301
1293
1335
1298
1307
1303
1300
1305
1331
1302
1295
1302
1295
1299
1325
1304
1299
1305
1301
1303
1326
1310
1299
1305
1297
1292
1320
1296
1300
1297
1306
1296
1549
1302
1298
1304
1304
1305
1326
1297
1305
1299
1297
1307
1319
1305
1294
1297
1304
1288
1311
1300
1299
1303
1300
1296
1308
1295
1306
1305
1297
1322
1312
1297
1298
1285
2067
1681
1299
1305
1299
1308
1290
1321
1191
1388
1303
1303
1317
1303
1350
1307
1300
1914
1421
1303
1312
1302
1302
1327
1303
1308
1300
1301
1298
1314
1295
1299
1299
1305
1301
1313
1310
1304
1295
1304
1297
1311
1300
1300
1306
1301
1317
1313
1329
1302
1302
1303
1292
1310
1324
1310
1325
1303
1313
1338
1321
1319
1300
1311
1295
1329
1309
1301
1301
1295
1302
1591
1303
1297
1295
1297
1289
1304
1299
1299
1296
1296
1292
1298
1302
1300
1298
1288
1290
1351
1295
1307
1324
1337
1334
1346
1323
1318
1302
1317
1316
1340
1326
1295
1301
1320
1259
1638
1304
1324
1304
1300
1316
1298
1305
1308
1297
1302
1313
1295
1302
1294
1298
1290
1306
1293
1292
1302
1295
1292
1308
1299
1293
1303
1298
1297
1289
1303
1300
1297
1293
1292
1319
1320
1332
1295
1553
1304
1300
1296
1303
1292
1300
1333
1304
1294
1299
1312
1301
1300
1081
1298
1299
1291
1300
1310
1300
1301
1293
1292
1290
1302
1291
1288
1296
1291
1292
1310
1294
1297
1290
1289
1291
1304
1296
1299
1293
1282
1288
1301
1298
1292
1312
1291
1301
1310
1302
1300
1296
1305
1298
1313
1299
1300
1303
1308
1304
1309
1300
1310
1300
1295
1295
1301
1297
1304
1292
1299
1301
1305
1320
1294
1303
1296
1299
1318
1303
1303
1299
1294
1297
1307
1298
1305
1296
1293
1297
1303
1299
1296
1301
1304
1295
1310
1314
1293
1296
1294
1295
1302
1303
1291
1303
1299
1296
1303
1298
1297
1295
1294
1291
1304
1293
1297
1296
1293
1294
1300
1283
1296
1298
1294
1284
1302
1293
1298
1292
1294
1287
1306
1291
1290
1298
1296
1286
1302
1297
1292
1296
1293
1296
1300
1297
1210
1304
1291
1283
1305
1294
1302
1283
1296
1294
1313
1295
1285
1292
1298
1292
1306
1295
1291
1294
1289
1292
1310
1301
1292
1293
1297
1293
1301
1286
1292
1295
1291
1292
1300
1296
1295
1288
1292
1293
1319
1296
1288
1286
1294
1290
1300
1291
1294
1286
1286
1290
1300
1299
1298
1295
1281
1295
1298
1294
1285
1297
1295
1294
1301
1304
1294
1281
1296
1292
1309
1290
1297
1293
1288
1290
1304
1294
1285
1582
1298
1294
1306
1298
1293
1288
1286
1282
1306
1289
1313
1296
1294
1289
1302
1288
1289
1289
1285
1291
1295
1289
1291
1287
1290
1284
1307
1295
1288
1287
1290
1284
1313
1363
1301
1294
1286
1330
1294
1300
1293
1299
1297
1279
1304
1302
1295
1303
1295
1290
1314
1299
1299
1298
1300
1273
1299
1292
1293
1294
1297
1292
1300
1295
1298
1297
1294
1302
1304
1309
1298
1299
1345
1306
1298
1297
1292
1297
1292
1314
1301
1298
1297
1288
1298
1308
1303
1288
1298
1291
1300
1297
1298
1296
1305
1296
1306
1308
1298
1296
1294
1297
1294
1289
1293
1286
1286
1292
1294
1294
1294
1295
1289
1293
1286
1297
1290
1293
1289
1289
1290
1300
1295
1285
1292
1292
1292
1300
1299
1295
1289
1295
1297
1295
1289
1296
1291
1282
1290
1313
1288
1299
1291
1285
1292
1316
1301
1294
1287
1300
1297
1301
1300
1289
1298
1302
1701
2004
1293
1306
1307
1303
1290
1303
1309
1304
1299
1298
1302
1296
1304
1301
1302
1304
1283
1303
1295
1296
1302
1304
1304
1297
1294
1298
1302
1309
1298
1305
1296
1306
1295
1308
1308
1295
1306
1300
1368
1463
1317
1316
1303
1302
1302
1410
1321
1298
1310
1298
1303
1294
1328
1296
1306
1297
1305
1301
1324
1290
1299
1303
1298
1300
1321
1296
1297
1302
1300
1300
1305
1305
1294
1301
1299
1287
1311
1302
1292
1304
1291
1294
1306
1299
1303
1295
1303
1296
1319
1392
1332
2509
1301
1319
1299
1305
1299
1087
2288
1333
1303
1328
1816
1305
1324
1305
1302
1226
1728
1310
1316
1305
1292
1752
1299
1308
1297
1304
1295
1302
1365
1305
1295
1304
1306
1370
1304
1301
1295
1303
1298
1372
1304
1302
1298
1302
1303
1365
1305
1303
1298
1299
1291
1364
1295
1305
1294
1301
1295
1362
1305
1304
1303
1299
1301
1355
1297
1301
1298
1304
1301
1357
1293
1303
1295
1295
1299
1353
1296
1302
1299
1301
1299
1356
1297
1292
1302
1306
1295
1355
1287
1303
1306
1293
1239
1304
1302
1318
1299
1303
1302
1357
1293
1304
1293
1303
1300
1360
1299
1290
1364
1307
1307
1381
1301
1302
1296
1296
1305
1291
1308
1300
1299
1299
1292
1303
1297
1292
1304
1304
1295
1307
1302
1295
1301
1299
1297
1296
1299
1299
1296
1299
1300
1300
1298
1294
1297
1297
1299
1293
1306
1293
1301
1298
1299
1300
1296
1293
1308
1296
1291
1305
1297
1299
1293
1297
1303
1303
1303
1300
1295
1299
1295
1297
1294
1301
1299
1293
1297
1291
1303
1298
1295
1296
1303
1298
1298
1296
1295
1295
1296
1300
1292
1289
1296
1294
1294
1295
1296
1298
1302
1297
1301
1297
1306
1298
1302
1299
1297
1291
1298
1302
1296
1299
1299
1302
1301
1293
1297
1301
1296
1303
2150
1822
1304
1301
1305
1295
1298
1307
1303
1303
1303
1296
1305
1303
1304
1301
1295
1295
1304
1299
1302
1297
1296
1581
1297
1306
1300
1299
1302
1299
1298
1299
1295
1297
1299
1304
1293
1300
1303
1300
1533
1366
1298
1304
1358
1300
1304
1295
1298
1286
1307
1309
1306
1293
1303
1303
1303
1290
1307
1297
1301
1300
1294
1301
1296
1308
1292
1294
1296
1298
1292
1294
1293
1302
1297
1300
1302
1295
1298
1294
1299
1295
1292
1291
1306
1297
1298
1297
1297
1301
1300
1290
1304
1299
1296
1304
1305
1299
1292
1321
1296
1302
1302
1294
1302
1297
1296
1295
1290
1298
1295
1293
1295
1298
1301
1290
1286
1293
1306
1287
1289
1288
1295
1293
1292
1288
1283
1291
1288
1290
1289
1285
1287
1287
1286
1294
1295
1310
1287
1290
1293
1291
1296
1291
1293
1288
1301
1280
1296
1288
1288
1288
1288
1292
1291
1294
1296
1289
1290
1288
1299
1293
1295
1294
1288
1285
1292
1285
1297
1291
1288
1294
1291
1287
1297
1291
1292
1293
1296
1297
1300
1332
1301
1294
1302
1296
1293
1297
1299
1299
1303
1300
1293
1303
1280
2327
1310
1300
1303
1298
1311
1301
1293
1294
1300
1298
1301
1306
1292
1301
1296
1294
1290
1298
1295
1293
1296
1296
1294
1294
1300
1288
1295
1303
1300
1293
1298
1302
1298
1299
1306
1299
1301
1299
1303
1308
1293
1292
1291
1299
1297
1294
1293
1305
1296
1294
1292
1301
1298
1300
1293
1298
1295
1235
1303
1299
1299
1292
1302
1285
1297
1294
1298
1293
1297
1293
