2555
2590
2529
2502
2580
2564
3618
4754
4801
4348
2632
2293
1771
1285
1293
1300
1289
1284
1292
1288
1289
1294
1270
2505
2573
2587
2580
2572
2583
2577
2578
2075
1306
1297
1300
1297
1308
1294
1296
1295
1292
1295
1303
1294
1302
1287
1297
1290
1287
1295
1348
1301
1289
1299
1291
1301
1288
1300
1292
1296
1296
1298
1291
1302
1317
1289
1297
1296
1307
1640
1301
1292
1296
1295
1369
1292
1298
1299
1304
1295
1306
1296
1308
1298
1283
1294
1306
1296
1296
1299
1288
1309
1297
1306
1290
1299
1294
1303
1295
1291
1297
1351
1303
1669
1384
1292
2278
1308
1302
1303
1300
1296
1296
1288
1303
1299
1142
1863
2049
2426
2297
2375
2357
2346
2376
2385
2452
2216
1598
2129
1693
2380
2299
2315
1652
1325
1311
1309
1317
1301
1307
1305
1299
1308
1308
1241
1295
1301
1297
1305
1297
1302
1295
1300
1275
1144
1359
1311
1309
1303
1295
1305
1295
1296
1304
1294
1299
1299
1305
1296
1307
1299
1302
1291
1302
1814
2453
1311
1304
1320
1303
1304
1308
1300
1307
1299
1300
1301
1301
1301
1308
1299
1305
1298
1306
1297
1303
1307
1300
1303
1289
1304
1306
1307
1299
1294
1303
1308
1299
1302
1300
1298
1300
1299
1294
1303
1298
1312
1302
1306
1301
1370
1305
1299
1300
1296
1303
1302
1304
1309
1298
1300
1311
1301
1298
1296
1302
1306
1301
1297
1298
1300
1306
1301
1303
1302
1307
1300
1312
1301
1299
1298
1301
1297
1304
1303
1303
1304
1304
1304
1294
1298
1303
1299
1303
1298
1307
1302
1298
1312
1384
1305
1305
1297
1305
1298
1296
1303
1296
1300
1299
1627
1300
1316
1302
1306
1300
1300
1311
1300
1310
1304
1308
1343
1306
1300
1308
1302
1313
1296
1298
1305
1302
1302
1299
1299
1294
1303
1298
1302
1300
1296
1302
1298
1306
1301
1301
1300
1297
1303
1299
1295
2172
1847
1699
1309
1297
1386
1304
1307
1306
1316
1302
1315
1310
1308
1303
1311
1304
1924
1785
1313
1311
1308
1302
1303
1314
1316
1303
1306
1297
1311
1297
1308
1295
1302
1301
1301
1299
1308
1303
1303
1313
1306
1311
1309
1300
1303
1301
1309
1303
1297
1308
1303
1305
1292
1301
1300
1302
1305
1296
1299
1300
1298
1307
1303
1303
1305
1308
1294
1299
1303
1306
1297
1299
1301
1349
1417
1107
2240
1305
1306
1302
1275
1312
1294
1303
1302
1308
1881
1489
1314
1301
1305
1304
1308
1310
1303
1302
1296
1309
1299
1308
1301
1309
1296
1304
1305
1306
1306
1308
1296
1309
1304
1293
1301
1298
1307
1300
1309
1293
1295
1305
1299
1295
1300
1302
1303
1300
1306
1302
1304
1303
1297
1298
1311
1301
1296
1313
1300
1302
1319
1303
1300
1307
1301
1314
1298
1303
1298
1300
1298
1298
1310
1299
1316
1307
1288
1300
1295
1296
1299
1292
1290
1300
1297
1304
1299
1303
1290
1303
1289
1294
1301
1300
1305
1299
1300
1297
1301
1315
1302
1303
1297
1303
1300
1302
1296
1297
1304
1304
1303
1306
1299
1301
1300
1305
1304
1298
1302
1300
1308
1303
1298
1301
1315
1302
1736
2005
1311
1300
1314
1301
1301
1302
1290
1307
1302
1306
1303
1310
1308
1310
1310
1306
1308
1300
1302
1307
1303
1304
1300
1299
1303
1296
1304
1304
1293
1299
1291
1297
1301
1285
1298
1294
1295
1295
1298
1294
1290
1292
1291
1289
1292
1290
1286
1288
1292
1301
1300
1296
1297
1293
1293
1289
1295
1289
1288
1288
1294
1293
1297
1294
1290
1290
1298
1295
1292
1289
1288
1302
1296
1294
1300
1292
1290
1295
1291
1293
1299
1289
1295
1291
1285
1294
1295
1296
1298
1289
1305
1300
1298
1286
1294
1287
1294
1291
1284
1300
1301
1300
1300
1300
1292
1300
1295
1297
1290
1296
1200
1411
1299
1302
1299
1312
1303
1318
1300
1308
1299
1301
1300
1295
1301
1299
1303
1293
1302
1303
1301
1300
1300
1301
1291
1301
1299
1296
1309
1300
1298
1300
1294
1292
1288
1300
1290
1282
1287
1302
1300
1298
1298
1298
1294
1286
1289
1290
1294
1286
1291
1289
1289
1300
1295
1292
1294
1293
1295
1301
1295
1293
1289
1295
1294
1318
1297
1306
1285
1295
1293
1297
1302
1292
1294
1287
1287
1303
1299
1288
1300
1294
1303
1297
1299
1292
1298
1289
1291
1297
1298
1301
1292
1304
1292
1301
1284
1303
1293
1298
1290
1302
1293
1301
1289
1292
1291
1304
1297
1286
1288
1288
1297
1291
1299
1290
1295
1282
1288
1298
1296
1291
1292
1292
1285
1303
1299
1300
1294
1298
1291
1298
1297
1293
1291
1295
1297
1299
1299
1296
1298
1302
1300
1295
1292
1290
1290
1288
1286
1300
1293
1291
1296
1288
1290
1299
1290
1287
1297
1293
1292
1300
1289
1295
1296
1289
1285
1299
1290
1288
1308
1287
1289
1296
1303
1291
1295
1284
1290
1292
1291
1303
1303
1292
1300
1297
1296
1295
1296
1295
1292
1300
1288
1301
1294
1284
1295
1301
1291
1291
1295
1294
1288
1299
1291
1297
1304
1293
1291
1298
1299
1295
1298
1295
1289
1300
1294
1292
1285
1295
1295
1300
1291
1290
1293
1293
1286
1308
1295
1295
1292
1295
1286
1295
1291
1292
1287
1287
1296
1298
1288
1293
1296
1290
1300
1300
1304
1294
1302
1301
1298
1298
1295
1297
1291
1285
1287
1293
1292
1293
1292
1290
1293
1296
1290
1286
1281
1285
1302
1304
1290
1290
1284
1293
1305
1303
1292
1297
1287
1294
1295
1298
1293
1283
1286
1291
1285
1294
1290
1291
1295
1290
1288
1296
1292
1317
1296
1298
1297
2141
1308
1312
1304
1302
1302
1292
1301
1305
1295
1309
1298
1301
1300
1301
1298
1298
1303
1298
1306
1296
1309
1293
1307
2299
1307
1304
1314
1303
1304
1305
1311
1303
1311
1311
1304
1300
1305
1298
1293
1308
1299
1306
1300
1305
1302
1229
1296
1305
1305
1294
1290
1302
1291
1303
1300
1287
1294
1300
1302
1301
1299
1302
1303
1297
1292
1298
1303
1293
1303
1299
1300
1301
1304
1291
1290
1300
1293
1287
1302
1304
1289
1300
1300
1288
1293
1293
1297
1303
1295
1291
1299
1290
1297
1295
1296
1291
1306
1297
1293
1299
1301
1293
1298
1306
1299
1304
1295
1296
1288
1302
1293
1298
1292
1297
1292
1300
1293
1312
1312
1298
1295
1300
1300
1295
1299
1290
1290
1297
1301
1296
1329
1301
1308
1303
1310
1312
1311
1307
1324
1302
1301
1305
1298
1310
1303
1314
1307
1308
1295
1316
1300
1301
1300
1310
1303
1309
1312
1296
1305
1298
1306
1300
1309
1301
1308
1303
1305
1302
1308
1301
1303
1300
1300
1298
1293
1302
1291
1311
1297
1310
1299
1309
1305
1306
1302
1299
1305
1293
1293
1303
1297
1297
1292
1290
1300
1303
1292
1349
1302
1297
1305
1296
1307
1302
1304
1298
1296
1313
1299
1299
1305
1307
1304
1304
1307
1302
1304
1305
1302
1302
1306
1302
1305
1305
1300
1300
1305
1305
1302
1298
1307
1298
1302
1441
1306
1293
1304
1308
1302
1300
1302
1305
1301
1298
1296
1300
1299
1299
1295
1299
1309
1303
1296
1296
1298
1297
1301
1301
1300
1300
1301
1298
1297
1308
1294
1294
1305
1300
1299
1295
1292
1298
1301
1305
1298
1309
1302
1297
1297
1293
1296
1295
1298
1300
1303
1301
1300
1301
1307
1299
1304
1306
1359
1306
1308
1302
1303
1302
1307
1305
1311
1300
1352
1308
1459
1308
1307
1304
1305
1307
1308
1298
1304
1305
1303
1303
1302
1304
1297
1296
1303
1304
1298
1300
1305
1301
1293
1298
1298
1301
1300
1294
1302
1301
1299
1297
1295
1299
1298
1297
1296
1291
1303
1295
1306
1298
1291
1294
1289
1298
1298
1295
1290
1292
1294
1297
1294
1304
1298
1294
1305
1307
1297
1284
1295
1284
1287
1290
1303
1301
1301
1306
1305
1305
1299
1303
1298
1297
1297
1302
1298
1299
1294
1303
1293
1303
1300
1304
1304
1306
1301
1300
1298
1295
1299
1290
1292
1295
1340
1295
1302
1297
1295
1303
1299
1298
1301
1301
1298
1298
1299
1299
1308
1305
1301
1304
1295
1298
1299
1300
1300
1308
1297
1302
1304
1303
1296
1306
1288
1308
1300
1304
1307
1294
1302
1302
1303
1296
1310
1296
1302
1307
1300
1300
1309
1307
1302
1299
1357
1297
1312
1307
1300
1299
1300
1294
1310
1302
1302
1307
1302
1312
1298
1304
1299
1304
1298
1312
1298
1308
1302
1305
1311
1296
1311
1303
1302
1309
1308
1292
1299
1302
1300
1297
1292
1296
1291
1303
1295
1296
1293
1302
1294
1309
1290
1296
1291
1305
1299
1302
1298
1296
1291
1296
1293
1297
1296
1293
1296
1306
1300
1302
1297
1308
1293
1298
1304
1301
1298
1291
1304
1298
1310
1300
1301
1299
1306
1298
1307
1347
1299
1305
1298
1308
1303
1301
1298
1305
1297
1303
1297
1293
1303
1365
1312
1302
1305
1303
1473
1310
1310
1305
1306
1313
1320
1351
1301
1304
1289
1302
1872
1655
1309
1310
1305
1302
1323
1312
1313
1301
1300
1182
2305
2316
2493
1312
1424
1311
1310
1311
1138
1315
1304
1315
1308
1318
1468
1317
1306
1313
1308
1302
1457
1312
1303
1308
1304
1308
1461
1315
1308
1303
1309
1234
1301
1307
1305
1306
1308
1191
1341
1307
1306
1305
1313
1304
1450
1306
1304
1304
1312
1441
1307
1309
1297
1307
1300
1464
1303
1304
1306
1310
1303
1496
1300
1301
1309
1318
1302
1462
1303
1309
1308
1303
1303
1301
1308
1309
1303
1305
1310
1459
1300
1304
1308
1293
1312
1301
1305
1310
1346
1412
1314
1309
1311
1326
1374
1311
1349
1372
2487
2163
1309
1357
1302
1287
1298
1312
1367
1326
1323
1316
1320
1303
1302
1302
1310
1312
1327
1315
1319
1318
1326
1313
1312
1312
1307
1321
1338
1321
1322
1303
1316
1302
1306
1306
1312
1308
1301
1312
1303
1306
1316
1316
1297
1306
1295
1308
1311
1315
1304
1296
1304
1316
1308
1305
1309
1304
1314
1309
1323
1301
1307
1310
1296
1305
1307
1307
1298
1310
1303
1302
1311
1301
1302
1307
1308
1309
1317
1308
1304
1312
1311
1327
1313
1323
1324
1319
1324
1322
1328
1302
1303
1955
2502
1325
1370
1316
1318
1330
1350
1315
1403
1323
1321
1324
1324
1313
1308
1312
1306
1317
1324
1245
1308
1344
1294
1333
1302
1313
1310
1340
1335
1380
1368
1356
1367
1361
1373
1413
1337
1346
1329
1325
1282
1319
1302
2152
2446
1367
1335
1340
1315
1312
1308
1324
1333
1336
1331
1335
1331
1332
1335
1318
1330
1341
1290
1314
1334
1327
1329
1328
1319
1321
1332
1313
1311
1314
1317
1327
1335
1339
1332
1330
1330
1334
1333
1311
1319
1317
1302
1341
1338
1334
1342
1331
1330
1332
1323
1336
1298
1308
1310
1319
1341
1327
1328
1344
1333
1317
1331
1314
1309
1309
1316
1314
1339
1337
1333
1335
2023
2191
2348
1307
1410
1557
1435
1306
1307
1309
1296
1305
1305
1310
1309
1313
1313
1504
1932
1465
1252
1291
1268
1282
1286
1295
1275
1711
1281
1285
1284
1279
1294
1301
1289
1288
1284
1285
1293
1331
1304
1353
1283
1286
1295
1303
1287
1286
1283
1298
1289
1331
1317
1311
1308
1306
1287
1266
1305
1292
1316
1334
1343
1344
1335
1339
1308
1294
1322
1289
1322
1310
1305
1285
1289
1285
1298
1286
1288
1286
1285
1285
1296
1288
1282
1285
1290
1285
1295
1232
1290
1288
1283
1290
1272
1299
1286
1282
1284
1383
1293
1311
1312
1286
1298
1230
1391
2320
2435
1360
1304
1616
2290
1683
1305
1282
1761
2467
1276
1309
1292
1986
2352
1272
1302
1334
2187
2195
1335
1496
1271
2299
1656
1420
1290
1337
2286
1590
1289
1292
2226
2088
1277
1309
1286
2284
2009
1297
1472
1424
2298
1421
1294
1186
1291
1290
1290
1288
1290
1172
2286
1935
1289
1329
1145
2298
1791
1289
1290
1366
2306
1478
1293
1296
1377
2300
1466
1293
1291
1662
2505
1306
1300
1299
1289
1294
1289
1289
1288
1303
1285
1289
1291
1289
1297
1288
1294
1286
1286
1295
1281
1285
1286
1287
1290
1283
1282
1293
1284
1279
1291
1296
1281
1281
1285
1281
1282
1283
1287
1282
1280
1282
1291
1287
1284
1283
1283
1286
1283
1282
1282
1287
1286
1286
1289
1285
1277
1291
1285
1287
1284
1284
1278
1285
1286
1286
1303
1284
1269
1287
1290
1282
1301
1284
1311
1281
1281
1286
1281
1284
1297
1301
1281
1288
1291
1285
1286
1284
1282
2121
1554
1282
1290
1283
1287
1288
1284
1285
1289
1286
1286
1281
1297
1275
1292
1283
1288
1279
1283
1276
1294
1283
1297
1281
1280
1278
1309
1290
1284
1283
1285
1280
1310
1280
1285
1279
1278
1286
1312
1284
1320
1299
1267
1299
1315
1277
1309
1282
1305
1298
1324
1292
1285
1301
1298
1301
1349
1300
1303
1286
1290
1299
1314
1306
1305
1299
1309
1309
1301
1285
1317
1287
1304
1281
1315
1282
1283
1279
1362
1280
1296
1279
1286
1285
1284
1291
1293
1281
1275
1291
1278
1283
1288
1281
1274
1241
1289
1284
1297
1285
1283
1175
1286
1279
1290
1282
1285
1279
1283
1280
1291
1324
1280
1282
1287
1282
1305
1281
1283
1282
1287
1286
1293
1284
1284
1279
1285
1287
1294
1293
1285
1280
1285
1278
1281
1281
1270
1267
1263
1280
1276
1280
1269
1277
1272
1264
1271
1280
1266
1267
1266
1264
1258
1282
1270
1271
1262
1263
1276
1294
1285
1269
1282
1277
1267
1290
1283
1275
1262
1263
1262
1289
1279
1278
1284
1273
1266
1288
1274
1268
1286
1263
1268
1277
1275
1266
1267
1269
1287
1276
1286
1277
1265
1267
1268
1277
1285
1279
1268
1330
1272
1282
1281
1268
1267
1269
1267
1263
1287
1263
1282
1274
1266
1275
1286
1274
1272
1282
1274
1277
1287
1290
1267
1270
1267
1258
1282
1277
1267
1267
1265
1267
1283
1271
1265
1264
1266
1268
1289
1282
1271
1268
1280
1266
1287
1272
1272
1260
1261
1253
1356
1285
1254
1292
1270
1270
1287
1281
1283
1274
1283
1268
1291
1276
1286
1272
1270
1264
1283
1287
1273
1265
1266
1264
1277
1287
1265
1276
1265
1268
1275
1287
1266
1271
1266
1268
1276
1288
1285
1268
1272
1267
1280
1282
1275
1274
1273
1284
1276
1286
1275
1282
1269
1270
1263
1297
1270
1267
1275
1269
1267
1294
1284
1263
1273
1266
1270
1283
1285
1281
1266
1272
1270
1282
1274
1284
1263
1265
1265
1287
1283
1270
1258
1270
1270
1288
1286
1270
1267
1269
1270
1284
1282
1272
1270
1262
1270
1281
1272
1290
1284
1265
1267
1277
1285
1285
1277
1271
1260
1258
1284
1277
1286
1272
1272
1261
1280
1274
1270
1285
1270
1267
1304
1277
1271
1276
1274
1272
1292
1283
1266
1316
1285
1271
1287
1276
1276
1269
1267
1272
1285
1280
1270
1270
1272
1268
1300
1279
1275
1280
1270
1267
1328
1288
1274
1291
1268
1270
1284
1283
1282
1283
1275
1272
1293
1283
1264
1265
1273
1266
1273
1291
1275
1275
1266
1268
1271
1285
1270
1272
1271
1268
1256
1287
1272
1277
1281
1271
1260
1292
1281
1269
1275
1197
1305
1289
1327
2165
2398
1300
1281
1510
2277
1531
1310
1292
2163
2437
1280
1315
1288
1905
2442
1298
1296
1124
2284
1803
1310
1290
1090
2294
1735
1307
1297
1081
2293
1845
1315
1355
1294
1231
2284
1970
1295
1919
2462
1315
1301
1294
2287
2024
1282
1302
1245
2300
1920
1311
1293
1961
2325
1286
1300
1294
2137
2149
1310
1296
1284
2026
2174
1304
1295
1286
1299
1707
2460
1298
1236
2305
1798
1315
1294
1623
2532
1297
1302
1292
1297
1291
1295
1289
1297
1289
1291
1295
1289
1292
1297
1280
1290
1286
1289
1285
1291
1280
1297
1295
1283
1284
1292
1291
1286
1281
1284
1284
1292
1290
1277
1278
1287
1282
1302
1288
1283
1283
1284
1284
1290
1284
1277
1284
1281
1278
1297
1289
1281
1279
1292
1290
1287
1282
1284
1285
1286
1287
1304
1285
1283
1284
1285
1285
1292
1281
1284
1278
1288
1278
1286
1290
1280
1288
1284
1283
1271
1285
1286
1281
1282
1282
1273
1275
1285
1279
1286
1282
1280
1305
1299
1285
1208
1283
1275
1290
1288
1278
1278
1278
1277
1298
1285
1280
1283
1277
1268
1282
1280
1273
1265
1281
1267
1288
1283
1274
1269
1275
1272
1282
1285
1278
1270
1271
1267
1291
1274
1270
1268
1269
1277
1291
1283
1269
1268
1266
1270
1273
1284
1268
1269
1262
1272
1280
1277
1282
1271
1267
1266
1273
1282
1270
1268
1266
1267
1260
1282
1268
1280
1264
1282
1268
1291
1275
1284
1272
1274
1280
1285
1275
1272
1269
1268
1270
1270
1278
1268
1265
1271
1287
1279
1281
1264
1264
1271
1272
1283
1277
1267
1269
1272
1265
1284
1284
1274
1269
1268
1265
1274
1283
1264
1264
1266
1273
1289
1285
1265
1270
1293
1267
1269
1284
1262
1273
1268
1261
1261
1276
1271
1262
1270
1282
1270
1303
1273
1268
1271
1268
1265
1286
1269
1285
1278
1269
1270
1286
1274
1268
1286
1270
1830
1273
1280
1271
1274
1272
1279
1289
1279
1282
1275
1270
1276
1283
1283
1284
1270
1288
1275
1288
1280
1273
1272
1274
1275
1283
1275
1276
1267
1273
1282
1284
1286
1282
1274
1289
1273
1269
1286
1268
1265
1265
1272
1301
1285
1304
1270
1292
1279
1297
1283
1280
1265
1276
1272
1281
1288
1269
1269
1267
1274
1279
1285
1271
1275
1273
1274
1261
1285
1268
1270
1270
1277
1265
1285
1279
1271
1270
1279
1271
1280
1279
1274
1274
1274
1279
1280
1287
1275
1269
1273
1269
1286
1283
1272
1276
1283
1290
1281
1292
1268
1277
1270
1279
1281
1292
1286
1272
1270
1272
1283
1283
1271
1269
1277
1270
1278
1283
1273
1271
1262
1272
1290
1274
1266
1268
1268
1272
1283
1293
1268
1267
1272
1277
1274
1286
1274
1272
1262
1268
1263
1285
1277
1290
1268
1268
1275
1291
1269
1270
1273
1277
1276
1284
1282
1288
1295
1275
1293
1282
1291
1298
1285
1271
1273
1290
1284
1276
1278
1287
1268
1297
1279
1285
1285
1268
1292
1297
1277
1266
1268
1273
1265
1285
1289
1260
1271
1272
1272
1290
1287
1262
1270
1271
1270
1292
1284
1273
1273
1268
1268
1284
1279
1278
1281
1272
1274
1274
1290
1278
1276
1267
1272
1273
1285
1286
1265
1270
1270
1268
1290
1283
1273
1269
1271
1264
1287
1283
1273
1276
1265
1269
1288
1287
1269
1270
1265
1268
1299
1286
1270
1268
1278
1273
1274
1284
1272
1264
1271
1270
1286
1278
1262
1270
1269
1273
1277
1280
1282
1275
1271
1269
1275
1285
1280
1269
1275
1274
1280
1289
1269
1271
1273
1272
1286
1285
1282
1279
1270
1282
1265
1298
1265
1270
1272
1278
1263
1289
1290
1270
1270
1271
1262
1282
1281
1275
1272
1269
1273
1291
1277
1268
1263
1271
1272
1274
1281
1267
1268
1264
1268
1371
1284
1284
1271
1267
1270
1287
1287
1294
1291
1272
1272
1285
1280
1280
1279
1290
1279
1293
1279
1284
1284
1291
1288
1293
1283
1292
1287
1317
1298
1315
1401
1307
1369
2266
1650
1305
1259
2290
2033
1299
1289
1722
2382
1294
1309
1294
1577
2289
1349
1305
1145
2303
1908
1304
1289
1299
1285
1299
1292
1302
1294
1116
2299
2001
1286
1300
2248
2090
1300
1300
1296
2267
2197
1300
1296
1902
2296
1387
1385
1298
1728
1302
2230
1325
1319
2116
2469
1307
1302
1316
2183
2131
1336
1286
1599
2304
1610
1306
1299
1765
2494
1289
1307
1297
1079
2292
1757
1299
1291
1180
2302
1798
1307
1300
1685
2529
1312
1295
1301
2087
2086
1314
1307
1259
2313
1829
1317
1299
1300
1293
1298
1294
1304
1297
1292
1293
1295
1296
1297
1293
1290
1285
1295
1289
1295
1300
1291
1293
1285
1291
1299
1285
1292
1296
1290
1284
1308
1286
1287
1283
1298
1282
1302
1293
1275
1287
1293
1288
1299
1296
1284
1291
1291
1293
1295
1292
1285
1289
1288
1285
1296
1290
1291
1287
1283
1287
1299
1287
1292
1287
1289
1289
1300
1286
1320
1289
1285
1286
1290
1288
1289
1289
1290
1291
1843
1302
1289
1292
1290
1287
1292
1295
1283
1287
1282
1289
1293
1282
1289
1288
1288
1289
1288
1287
1288
1285
1295
1280
1284
1292
1287
1295
1289
1291
1282
1285
1284
1284
1282
1279
1287
1288
1283
1265
1289
1268
1278
1288
1289
1280
1286
1283
1308
1292
1281
1288
1283
1287
1287
1290
1290
1288
1286
1289
1283
1292
1288
1286
1286
1280
1291
1285
1286
1282
1288
1289
1291
1287
1289
1285
1288
1284
1283
1290
1279
1283
1283
1290
1282
1285
1281
1282
1288
1288
1284
1289
1296
2155
2383
1437
1588
1091
2272
2235
2261
2260
2263
2286
2280
1811
1289
1313
1293
1294
1288
1183
2279
2277
2266
2285
2280
2261
2390
1305
1306
1293
1291
1574
2497
1327
1306
1811
1875
1300
1306
1307
1392
2340
2008
1321
1300
1526
2460
1303
1296
1301
1547
2403
1299
1792
1797
2364
1565
2199
1334
1306
2322
1829
1300
1305
1304
1589
2316
2301
2458
1323
1303
1301
1307
1296
1290
2322
2321
2462
1317
1296
1300
1310
1301
1296
2355
2531
1308
1309
2103
1708
1301
1308
1298
2168
1886
1309
1311
1308
1653
2339
1743
1760
1777
1295
1308
1298
1300
1244
2364
2406
1312
2110
1476
1301
1321
1299
1206
1907
2356
2194
2012
1837
1300
1299
1308
1304
1237
2359
2034
1311
2220
1311
1295
1300
1299
1298
1416
2454
1306
1308
1304
1157
2351
1454
1303
1299
2146
1816
1300
1307
1144
2329
1652
1296
1297
1300
1861
2112
1297
1293
1404
1799
1296
1298
1299
1324
2407
1299
1292
1258
1303
1086
2306
2314
2307
1342
1298
1313
1303
1299
1202
2008
1291
1302
1297
1305
2316
1302
1303
1300
1294
1303
2272
2317
2353
1312
1088
2109
1296
1298
1563
1587
1294
1300
1303
1299
1578
1854
1303
1295
1302
2343
1302
1293
1298
1298
1409
1817
1292
1300
1288
1238
2315
1304
1297
1303
1298
1298
2258
1306
1287
1304
1148
2137
1294
1292
1299
1296
2177
1296
1294
1293
1284
1655
1581
1294
1297
1292
1296
1449
2098
1302
1307
1201
2276
1296
1298
1293
1303
1773
1433
1303
1291
1288
1187
2030
1296
1302
1289
1290
1694
1521
1297
1290
1291
1294
1879
2309
2298
1900
1291
1738
1502
1300
1248
2379
1291
1293
1291
1288
1708
1486
1292
1286
1297
1198
2010
1284
1299
1293
1300
2254
1305
1298
1296
1298
1463
1740
1300
1302
1291
1234
2317
1309
1298
1289
1291
1735
1506
1301
1290
1295
1075
2147
1300
1309
1286
1298
1864
1353
1294
1301
1296
1258
1984
1289
1289
1277
1392
2279
1299
1299
1292
1126
2438
1337
1308
1301
1316
2342
1312
1303
1298
1279
2355
1291
1301
1293
1287
1559
1758
1289
1298
1372
1312
2365
1307
1856
1329
1295
1933
2431
1297
1309
1463
2311
1499
1311
1296
1297
1298
1296
1285
1303
1292
1292
1293
1299
1289
1294
1293
1293
1292
1291
1288
1284
1291
1291
1292
1287
1290
1291
1287
1293
1292
1369
1283
1290
1294
1283
1288
1293
1292
1303
1284
1833
1992
1290
1297
1317
1296
1295
1301
1288
1288
1289
1286
1291
1290
1295
1291
1303
1292
1295
1290
1283
1290
1294
1286
1290
1288
1289
1289
1293
1301
1288
1294
1291
1290
1284
1288
1290
1289
1294
1288
1289
1285
1287
1292
1294
1278
1294
1288
1291
1287
1297
1287
1294
1283
1291
1287
1281
1293
1285
1291
1283
1285
1288
1261
1288
1292
1738
2389
1339
1327
1329
1308
1322
1297
1322
1318
1281
1311
1286
1318
1362
1355
1737
2289
1531
1294
1295
1291
1297
1292
1305
1298
1294
1286
1281
1301
1293
1294
1287
1284
1288
1291
1289
1294
1286
1287
1294
1282
1284
1285
1283
1285
1285
1295
1285
1297
1284
1286
1286
1284
1294
1287
1290
1294
1285
1282
1285
1283
1282
1285
1283
1290
1289
1287
1285
1283
1287
1287
1282
1288
1288
2200
2235
2260
2283
1338
1324
1294
1298
1290
1295
1292
1295
1292
1293
1289
1288
1286
1298
1294
1295
1292
1295
1284
1280
1293
1279
1289
1281
1291
1279
1284
1287
1294
1286
1285
1283
1282
1279
1291
1278
1285
1286
1282
1286
1282
1290
1287
1287
1283
1287
1292
1285
1287
1313
1289
1265
1308
1290
1306
1297
1311
1259
1263
1282
1304
1314
1314
1367
1306
1196
2273
2197
1281
1292
1283
1286
1287
1288
1287
1283
1287
1284
1293
1280
1289
1280
1287
1285
1280
1283
1284
1286
1281
1279
1285
1283
1288
1288
1288
1286
1278
1285
1284
1280
1284
1292
1281
1283
1280
1280
1283
1280
1285
1282
1282
1283
1286
1286
1279
1281
1283
1286
1282
1286
1292
1284
1278
1281
1282
1280
1288
1277
1278
1278
1284
1290
1292
1283
1283
1283
1289
1279
1281
1283
1280
1278
1326
1289
1279
1280
1278
1284
1288
1285
1279
1282
1281
1283
1279
1279
1280
1280
1286
1282
1281
1278
1277
1279
1283
1276
1327
1281
1283
1279
1274
1277
1290
1285
1285
1283
1290
1280
1280
1286
1278
1282
1284
1282
1283
1274
1279
1280
1278
1280
1287
2281
1611
1285
1282
1276
1282
1287
1275
1282
1284
1280
1284
1283
1283
1280
1293
1282
1284
1277
1285
1280
1283
1278
1277
1282
1274
1273
1276
1281
1282
2157
2456
1283
1292
1286
1280
1281
1291
1282
1282
1287
1293
1287
1282
1284
1279
1284
1285
1283
1282
1288
1284
1289
1272
1280
1283
1284
1285
1283
1281
1282
1277
1280
1283
1281
1288
1279
1278
1273
1278
1287
1273
1268
1284
1279
1280
1273
1265
1273
1271
1283
1285
1284
1421
1365
1282
1277
1287
1278
1829
2275
1810
1291
1281
1280
1284
1279
1284
1350
1292
1288
1280
1286
1278
1347
1278
1287
1285
1284
1287
1355
1289
1282
1280
1282
1284
1279
1280
1282
1288
1285
1273
1341
1279
1280
1284
1286
1283
1277
1281
1284
1280
1283
1277
1354
1287
1271
1279
1282
1285
1283
1281
1293
1284
1285
1285
1348
1287
1285
1287
1285
1282
1339
1288
1284
1281
1283
1287
1348
1286
1288
1280
1286
1286
1285
1283
1283
1280
1283
1282
1341
1284
1284
1285
1283
1288
1281
1282
1281
1276
1284
1280
1337
1284
1284
1280
1282
1284
1287
1282
1290
1284
1288
1285
1343
1288
1279
1282
1279
1278
1339
1284
1278
1281
1284
1284
1336
1287
1283
1271
1286
1280
1280
1286
1286
1283
1278
1280
1085
2205
1288
1313
1373
1316
1283
1386
1324
1247
1411
1348
1290
1289
1288
1305
1284
1279
1295
1289
1276
1316
1327
1288
1283
1288
1304
1199
1315
1350
1284
1286
1316
1228
1283
1309
1305
1313
1339
1365
1310
1287
1304
1295
1337
1445
1285
1367
1284
1332
1289
1330
1280
1279
1286
1280
1283
1334
1279
1328
1259
1288
1336
1411
1261
1322
1309
1323
1332
1382
1259
1267
1306
1311
1266
1343
1329
1332
1307
1328
1205
1373
1384
1308
1291
1273
1268
1306
1310
1284
1314
1281
1255
1285
1315
1307
1280
1282
1155
1283
1339
1281
1280
1283
1258
1290
1285
1286
1282
1292
1314
1280
1281
1286
1283
1274
1403
1156
1471
1286
1288
1276
1302
1280
1295
1284
1281
1282
1426
1285
1360
1286
1283
1278
1328
1280
1283
1286
1278
1285
1337
1284
1278
1281
1295
1285
1401
1286
1341
1284
1284
1282
1418
1284
1351
1281
1283
1282
1345
1284
1275
1289
1278
1277
1412
1286
1339
1285
1281
1285
1343
1289
1283
1281
1288
1283
1374
1292
1343
1283
1281
1285
1416
1320
1340
1275
1283
1276
1349
1283
1290
1285
1284
1197
1299
1283
1341
1280
1285
1200
1293
1288
1920
1761
1287
1344
1286
1283
1273
1283
1288
1412
1293
1346
1280
1283
1287
1343
1279
1289
1282
1285
1286
1385
1353
1368
1278
1284
1203
1344
1285
1357
1282
1274
1337
1282
1281
1313
2135
2358
2452
2712
1327
1298
1326
1286
1291
1286
1289
1316
1285
1276
1287
1292
1284
1303
1291
1278
1287
1283
1284
1171
1289
1336
1063
2260
2200
1278
1283
2245
2237
1288
1293
1699
2288
1465
1292
1289
1301
1287
1291
1282
1284
1294
1278
1277
1277
1278
1281
1294
2228
2286
1287
1283
1300
1289
1292
1284
1288
1281
1284
1283
1275
1284
1286
1287
1279
1946
2482
1302
1290
1286
1295
1287
1287
1293
1289
1444
2298
1946
1290
1290
1287
1285
1291
1286
1282
1289
1281
1284
1279
1278
1281
1282
2084
2470
1287
1297
1288
1155
2296
1988
1289
1290
1289
1285
1292
1287
1289
1192
2287
1804
1288
1286
1289
1288
1289
1289
1290
1284
1281
1289
1281
1282
1283
1281
1344
2290
1673
1288
1286
1279
1291
1284
1297
1289
1289
1285
1293
1281
1292
1278
1281
2071
2379
1290
1282
1285
1285
1285
1283
1290
1290
1289
1146
2293
2039
1293
1293
1292
1288
1292
1287
1293
1285
1284
1283
1276
1282
1286
1158
2281
2052
1293
1286
1283
1284
1288
1290
1290
1289
1285
1279
1284
1293
1290
1286
1390
2289
1696
1824
1293
1289
1294
1290
1294
1292
1296
1287
1288
1283
1348
1283
1291
1588
2286
1551
1291
1296
1283
1285
1287
1288
1292
1289
1999
2466
1302
1294
1289
1292
1285
1292
1288
1299
1291
1287
1286
1278
1284
1224
2235
2508
1284
1291
1289
1287
1286
1283
1283
1289
1286
1291
1285
1286
1288
1289
1288
2029
2492
1293
1290
1287
1293
1289
1284
1287
1289
1291
1290
1286
1287
1292
1279
1282
1844
2389
1294
1289
1285
1288
1282
1291
1283
1290
1285
1287
1293
1291
1290
1287
1395
2288
1659
1286
1289
1290
1283
1287
1287
1286
1284
1287
1288
1283
1282
1293
1279
1541
2288
1535
1297
1287
1289
1289
1291
1298
1293
1287
1288
1291
1279
1289
1282
1293
1831
2374
1294
1291
1289
1286
1293
1287
1286
1290
1212
2276
2107
1284
1292
1290
1287
1288
1294
1287
1290
1282
1304
1290
1283
1281
1289
1083
2294
1910
1290
1285
1285
1283
1294
1286
1288
1291
1290
1287
1279
1285
1286
1287
1531
2294
1485
1287
1293
1290
1290
1286
1293
1289
1289
1283
1852
2408
1294
1294
1309
1287
1287
1282
1286
1284
1288
1292
1290
1311
1293
1284
1818
2371
1301
1301
1292
1291
1295
1296
1291
1312
1304
1287
1307
1291
1283
1292
1272
2319
2252
1299
1287
1289
1286
1287
1289
1286
1349
1296
1288
1694
2285
1420
1287
1283
1283
1290
1278
1303
1291
1287
1288
1288
1275
1278
1944
2512
1294
1288
1293
1295
1289
1295
1287
1286
1287
1294
1285
1287
1285
1292
1285
1848
2398
1294
1292
1092
2417
1282
1290
1287
1286
1285
1293
1291
1296
1292
1291
1970
2486
1289
1295
1296
1290
1296
1288
1287
1290
1287
1491
2295
1522
1302
1288
1296
1285
1293
1294
1294
1288
1291
1284
1608
1319
1284
1556
2296
1517
1290
1285
1294
1287
1290
1289
1291
1290
1291
1287
1290
1285
1289
1292
1761
2322
1293
1284
1285
1284
1296
1286
1292
1291
1290
1280
1946
2489
1312
1292
1294
1296
1289
1292
1286
1287
1288
1291
1293
1289
1197
2207
2497
1311
1286
1290
1287
1295
1290
1286
1287
1285
1274
1288
1293
1274
1281
1266
2279
2062
1297
1322
1288
1288
1287
1289
1290
1295
1277
1306
1284
1284
1287
1291
1075
2300
1908
1283
1296
1285
1294
1282
1286
1289
1285
1271
2290
2174
1290
1288
1290
1291
1293
1286
1289
1285
1291
1287
1288
1288
1282
1286
1902
2412
1287
1289
1291
1290
1287
1287
1291
1290
1291
1280
1298
1284
1285
1287
1280
1987
2440
1288
1289
1288
1287
1291
1293
1289
1290
1295
1142
2295
2072
1298
1287
1291
1283
1289
1308
1288
1285
1290
1281
1301
1291
1295
1572
2297
1475
1310
1286
1289
1286
1291
1290
1301
1287
1290
1303
1288
1291
1299
1285
1658
2296
1445
1290
1295
1287
1299
1290
1294
1291
1303
1284
1306
1287
1275
1293
1231
2285
1806
1309
1287
1310
1293
1292
1220
1753
1295
1373
2293
1685
1290
1292
1287
1300
1287
1308
1290
1293
1296
1303
1297
1286
1292
1205
2291
2136
1301
1292
1291
1293
1289
1301
1305
1293
1295
1300
1291
1295
1303
1298
1264
2303
1773
1307
1295
1289
1291
1293
1290
1306
1306
1289
1656
2293
1361
1291
1291
1290
1299
1281
1302
1287
1294
1289
1288
1305
1285
1091
2297
1995
1312
1292
1294
1288
1297
1290
1297
1290
1287
1289
1311
1286
1279
1290
1216
2295
1911
1303
1292
1294
1299
1290
1298
1298
1294
1309
1300
1285
1297
1303
1289
1553
2297
1478
1295
1291
1294
1291
1287
1274
1298
1287
2115
2379
1307
1310
1287
1293
1288
1296
1303
1300
1292
1297
1307
1301
1307
1282
1089
2285
1946
1306
1292
1298
1287
1297
1284
1298
1291
1290
1293
1288
1290
1300
1290
1868
2428
1284
1299
1290
1289
1292
1293
1288
1293
1306
1287
2260
2258
1287
1295
2042
2262
1295
1292
1295
1288
1294
1287
1283
1289
1081
2297
1947
1313
1295
1292
1293
1289
1292
1305
1293
1291
1291
1297
1294
1303
1291
1507
2299
1502
1311
1287
1291
1290
1290
1293
1306
1296
1289
1293
1291
1285
1302
1290
2164
2294
1304
1295
1287
1284
1292
1294
1295
1290
1305
1286
2124
2381
1300
1289
1300
1293
1292
1313
1295
1287
1286
1295
1287
1300
1298
1379
2296
1642
1314
1296
1294
1295
1291
1291
1304
1290
1284
1286
1284
1280
1297
1287
1458
2303
1557
1289
1289
1291
1288
1295
1293
1290
1301
1288
1289
1290
1280
1297
1278
2105
2348
1302
1286
1290
1288
1290
1290
1314
1291
1332
2297
1699
1305
1293
1295
1288
1289
1283
1307
1290
1289
1286
1305
1292
1304
1293
1956
2519
1295
1291
1295
1287
1287
1284
1285
1306
1292
1313
1292
1283
1289
1301
1289
1874
2479
1282
1306
1292
1292
1296
1294
1289
1311
1283
1635
2299
1372
1297
1289
1293
1297
1289
1300
1286
1290
1288
1295
1306
1277
1292
1516
2298
1496
1313
1289
1294
1289
1290
1287
1306
1296
1288
1305
1287
1295
1303
1283
1463
2288
1567
1290
1286
1290
1288
1289
1296
1294
1309
1301
2029
2498
1290
1284
1289
1294
1284
1293
1292
1288
1296
1293
1291
1305
1302
1333
2279
1684
1309
1295
1291
1289
1294
1283
1307
1286
1287
1281
1294
1278
1307
1278
1244
2297
1755
1300
1292
1298
1288
1296
1294
1296
1295
1292
1070
2292
1982
1290
1288
1288
1286
1296
1291
1292
1294
1295
1290
1317
1299
1681
2190
1962
1309
1287
1284
1294
1293
1293
1300
1293
1278
1305
1293
1290
1300
1290
1603
2302
1387
1307
1297
1292
1310
1288
1286
1303
1282
1279
1287
1291
1281
1301
1301
2054
2480
1291
1301
1293
1296
1279
1295
1281
1308
1293
1158
2294
1915
1279
1291
1292
1292
1306
1309
1293
1298
1286
1280
1310
1286
1318
1644
2296
1703
1314
1290
1290
1289
1307
1287
1078
1528
1285
1299
1271
1296
1285
1198
2295
1819
1311
1286
1304
1289
1308
1287
1320
1285
1304
1288
2296
2200
1293
1297
1298
1296
1280
1300
1290
1286
1292
1286
1285
1305
1292
1604
2300
1413
1304
1292
1292
1287
1292
1303
1306
1291
1293
1275
1283
1300
1302
1281
2050
2447
1301
1305
1296
1290
1288
1292
1304
1309
1290
1300
1285
1287
1309
1287
1688
2288
1353
1306
1354
1292
1294
1290
1288
1317
1280
1303
1292
1281
1287
1303
1280
1851
2307
1294
1297
1292
1301
1290
1284
1313
1284
1291
2264
2212
1308
1287
1291
1292
1291
1282
1304
1288
1288
1289
1298
1291
1299
1293
1429
2300
1617
1317
1293
1293
1294
1303
1295
1300
1298
1414
1293
1288
1291
1301
1282
1699
2285
1310
1291
1295
1292
1295
1290
1295
1310
1293
2065
2423
1295
1289
1288
1289
1285
1287
1303
1296
1289
1281
1289
1307
1296
1291
1161
2286
1865
1307
1293
1296
1292
1291
1289
1299
1290
1287
1293
1288
1288
1309
1287
1764
2359
1289
1306
1291
1288
1289
1291
1293
1298
1292
1119
2290
2022
1299
1300
1299
1304
1292
1303
1298
1290
1287
1294
1303
1289
1307
1366
2292
1977
1305
1292
1289
1287
1290
1295
1306
1290
1286
1301
1287
1286
1304
1292
1634
2305
1371
1312
1287
1293
1290
1292
1287
1299
1299
1286
1276
2294
1771
1294
1293
1292
1289
1301
1296
1293
1287
1290
1287
1296
1288
1238
2277
2105
1302
1293
1295
1287
1292
1287
1303
1293
1292
1297
1295
1294
1299
1295
1569
2300
1441
1313
1295
1291
1290
1288
1287
1296
1291
1300
1288
1280
1290
1297
1287
1463
2292
1566
1285
1287
1298
1290
1289
1295
1306
1295
1201
2295
1846
1295
1296
1288
1291
1297
1314
1294
1292
1290
1291
1293
1305
1288
1250
2280
2282
1307
1294
1294
1283
1297
1285
1301
1281
1286
1299
1293
1297
1307
1289
1288
1080
2287
2463
1303
1297
1296
1294
1311
1299
1295
1286
1297
1296
1306
1292
1208
2287
1880
1297
1298
1295
1290
1286
1286
1314
1294
1289
2240
2234
1306
1292
1292
1296
1287
1297
1301
1298
1290
1289
1295
1284
1332
1288
1863
2420
1300
1291
1290
1291
1293
1293
1306
1294
1290
1309
1273
1291
1307
1316
1757
2297
1627
1305
1288
1291
1293
1294
1291
1302
1305
1287
1934
2504
1293
1294
1290
1288
1291
1308
1295
1288
1285
1287
1289
1299
1308
1153
2297
1951
1313
1293
1295
1294
1296
1289
1305
1293
1286
1281
1304
1282
1303
1289
1141
2292
1897
1291
1290
1291
1292
1289
1293
1299
1291
1304
1321
1287
1296
1308
1213
1666
2288
1335
1295
1292
1301
1288
1295
1281
1310
1286
2142
2293
1302
1294
1295
1306
1294
1293
1304
1293
1286
1277
1278
1288
1322
1285
1915
2301
1470
1301
1283
1290
1299
1292
1288
1299
1298
1307
1305
1285
1291
1310
1290
2179
2296
1841
1298
1292
1291
1304
1297
1287
1293
1289
1150
2300
2112
1294
1286
1285
1285
1304
1290
1286
1314
2289
1843
1305
1226
2296
1841
1291
1293
1293
1284
1313
1313
1284
1291
1300
1295
1291
1286
1303
1289
1526
2300
1525
1293
1293
1314
1294
1305
1296
1304
1286
1292
1289
1291
1292
1307
1281
1740
2292
1327
1302
1291
1310
1294
1282
1294
1303
1300
1845
2297
1547
1332
1469
1304
1472
1393
1475
1285
1290
1311
1300
1290
1303
1451
2293
2316
1279
1227
1284
1294
1287
1294
1290
1316
1292
1297
1294
1294
1288
1299
1348
1294
1289
1297
1289
1298
1287
1290
1282
1290
1286
1358
1297
1288
1296
1285
1292
1283
1304
1305
1288
1282
1285
1346
1289
1293
1287
1284
1285
1284
1301
1289
1283
1285
1283
1275
1339
1281
1286
1287
1289
1280
1296
1283
1284
1287
1286
1349
1286
1293
1284
1288
1289
1287
1288
1297
1282
1292
1293
1361
1291
1298
1285
1289
1289
1284
1287
1300
1273
1285
1289
1338
1286
1290
1294
1286
1289
1279
1291
1296
1282
1277
1282
1207
1289
1282
1295
1288
1286
1288
1282
1284
1296
1295
1280
1343
1285
1293
1295
1293
1279
1283
1283
1288
1288
1297
1282
1264
1288
1295
1274
1297
1290
1285
1280
1284
1287
1301
1290
1282
1679
2268
1512
1290
1294
1289
1292
1287
1308
1285
1296
1286
1293
1283
1299
1282
1287
1280
1294
1292
1299
1288
1283
1290
1289
1288
1301
1289
1284
1291
1283
1282
1281
1297
1291
1280
1295
1278
1286
1289
1288
1291
1269
1282
1285
1285
1285
1286
1284
1285
1282
1288
1281
1290
1279
1279
1285
1279
1285
1279
1273
1273
1284
1283
1284
1279
1271
1270
1281
1282
1283
1287
1280
1278
1277
1286
1290
1285
1272
1282
1281
1291
1273
1283
1285
1279
1280
1289
1283
1282
1287
1286
1284
1284
1273
1284
1282
1270
1273
1280
1280
1280
1276
1267
1283
1282
1279
1274
1283
1281
1289
1287
1277
1291
1279
1271
1273
1291
1283
1289
1289
1279
1281
1279
1284
1281
1279
1286
1285
1280
1280
1287
1281
1278
1285
1289
1283
1284
1282
1285
1277
1285
1282
1283
1279
1286
1283
1279
1285
1281
1285
1279
1288
1283
1289
1287
1287
1283
1286
1284
1287
1285
1284
1283
1283
1284
1282
1286
1284
1282
1286
1285
1282
1286
1282
1286
1279
1285
1286
1282
1285
1281
1287
1285
1292
1279
1283
1282
1286
1277
1284
1281
1280
1280
1281
1288
1282
1650
2282
1528
1296
1290
1290
1280
1314
1295
1286
1283
1538
2285
1492
1338
1474
1365
1445
1435
1456
1347
1730
2316
1652
1356
1687
2288
1556
1303
1317
1959
2350
1289
1356
1316
1893
2451
1313
1295
1323
2185
2479
1320
1293
1093
2299
2282
1328
1318
1281
1294
2325
2340
1679
1339
1351
1782
1821
1886
2343
2298
1355
1312
1311
1300
1314
1306
1310
1998
2160
1297
1291
1295
2042
2115
1303
1294
1297
1292
1297
1302
1290
1295
1201
2304
1799
1288
1299
1582
2391
1303
1291
1300
1734
2498
1308
1301
1293
1378
1290
1295
1292
1293
1285
1359
1289
1296
1294
1292
1287
1405
1292
1292
1290
1342
1432
1298
1284
1294
1291
1282
1349
1288
1297
1291
1288
1287
1360
1282
1288
1283
1289
1294
1345
1280
1290
1293
1282
1288
1357
1287
1280
1290
1283
1283
1342
1292
1289
1291
1285
1286
1339
1298
1290
1290
1284
1294
1359
1286
1285
1283
1282
1285
1342
1277
1287
1292
1277
1288
1362
1284
1281
1281
1292
1295
1229
1290
1284
1290
1289
1281
1333
1295
1283
1287
1288
1283
1384
1284
1282
1284
1284
1282
1347
1286
1298
1279
1297
1287
1348
1281
1284
1286
1289
1279
1489
1285
1283
1291
1290
1288
1392
1286
1284
1289
1278
1287
1344
1285
1283
1285
1285
1283
1347
1283
1287
1287
1295
1282
1470
1286
1282
1280
1283
1283
1363
1282
1283
1284
1280
1288
1338
1289
1282
1287
1288
1289
1362
1288
1285
1293
1287
1286
1379
1289
1280
1280
1279
1284
1350
1284
1290
1284
1280
1278
1348
1282
1281
1284
1287
1281
1358
1292
1280
1281
1284
1288
1385
1288
1282
1284
1286
1287
1338
1288
1279
1287
1289
1297
1285
1285
1284
1282
1294
1235
1293
1284
1285
1289
1284
1280
1374
1282
1286
1300
1284
1286
1348
1287
1290
1287
1286
1339
1282
1290
1284
1287
1285
1238
1287
1289
1283
1286
1287
1285
2193
2146
1288
1287
1238
1287
1285
1297
1289
1282
1231
1286
1280
1282
1278
1280
1345
1288
1283
1281
1278
1278
1340
1286
1290
1287
1310
1295
1247
1312
1282
1292
1306
1280
1357
1279
1288
1299
1286
1319
1384
2279
1505
1303
1294
1349
1285
1290
1281
1367
1268
1678
1286
1284
1266
1311
1159
2283
1719
1312
1297
1210
1296
1292
1290
1314
1292
1354
1287
1284
1287
1767
2326
2406
2412
2416
1565
1295
1292
1294
1289
1289
1376
1297
1290
1283
1291
1353
1289
1289
1296
1283
1291
1342
1288
1284
1283
1292
1288
1288
1290
1295
1279
1295
1284
1226
1289
1292
1265
1352
1286
1299
1308
1329
1417
1321
1312
1382
1657
1317
1481
1266
1399
1375
1299
1299
1306
1309
1903
2418
1504
1286
1306
1991
2492
1329
1294
1290
1288
1289
1288
1292
1290
1294
1290
1295
1304
1281
1295
1287
1283
1304
1285
1283
1288
1286
1285
1282
1291
1281
1288
1283
1327
1289
1283
1284
1288
1318
1283
1312
1309
1309
1314
1348
1424
1271
1299
1309
1307
1291
1347
1324
1296
1371
1288
1315
1273
1332
1291
1306
1289
1287
1285
1287
1281
1294
1286
1287
1278
1288
1286
1301
1346
1287
1277
1288
1281
1296
1280
1282
1285
1281
1288
1300
1284
1285
1282
1285
1283
1287
1293
1385
1299
1297
1281
1294
1288
1297
1262
1290
1273
1280
1284
1284
1289
1280
1285
1281
1281
1289
1346
1284
1286
1310
1290
1286
1306
1275
1288
1299
1287
1285
1287
1284
1283
1339
1292
1345
1310
1275
1344
1297
1288
1298
1303
1303
1268
1310
1311
1296
1304
1319
1292
1304
1096
2271
1878
1311
1295
1285
1284
1290
1308
1319
1283
1286
1279
1294
1290
1316
1280
1294
1281
1306
1287
1311
1306
1283
1337
1293
1279
1296
1285
1285
1291
1280
1283
1302
1289
1279
1285
1285
1282
1289
1294
1281
1277
1287
1280
1304
1298
1200
1283
1282
1287
1297
1287
1299
1279
1289
1278
1296
1282
1282
1285
1269
1285
1311
1289
1281
1291
1282
1283
1332
1288
1188
1964
1288
1290
1309
1471
1379
1496
1283
1286
1282
1292
1283
1271
1304
1289
1288
1285
1287
1288
1284
1285
1284
1288
2203
2138
1285
1295
1285
1285
1295
1279
1288
1284
1273
1284
1283
1284
1298
1277
1285
1280
1288
1295
1286
1287
1283
1281
1285
1285
1288
1285
1290
1289
1289
1287
1283
1273
1280
1288
1283
1283
1284
1288
1284
1290
1284
1284
1298
1284
1289
1693
1288
1294
1295
1287
1286
1280
1284
1283
1286
1288
1287
1281
1283
1289
1285
1283
1282
1291
1282
1282
1285
1283
1285
1284
1285
1284
1273
1277
1279
1282
1271
1269
1275
1282
1284
1287
1278
1277
1275
1288
1278
1283
1276
1282
1285
1282
1292
1283
1285
1275
1281
1283
1283
1281
1282
1276
1284
1282
1284
1279
1270
1281
1272
1315
1276
1284
1271
1276
1271
1291
1276
1277
1269
1282
1281
1287
1286
1273
1274
1316
1402
1282
1285
1282
1283
1289
1282
1281
1282
1283
1272
1279
1277
1281
1265
1280
1284
1283
1275
1286
1277
1288
1282
1271
1269
1292
1283
1276
1272
1269
1282
1277
1286
1277
1280
1275
1286
1285
1287
1529
2278
1629
1291
1292
1290
1282
1282
1295
1290
1283
1288
1284
1285
1286
1285
1283
1288
1284
1287
1287
1281
1286
2129
1516
1284
1287
1290
1285
1289
1290
1287
1280
1280
1286
1287
1289
1285
1289
1287
1295
1290
1290
1282
1284
1286
1286
1284
1287
1290
1281
1285
1279
1292
1284
1285
1284
1289
1284
1283
1284
1287
1282
1283
1279
1277
1282
1282
1285
1286
1283
1285
1283
1282
1285
1285
1290
1285
1286
1286
1280
1282
1285
1288
1276
1278
1287
1284
1287
1275
1283
1270
1277
1282
1283
1268
1295
1266
1281
1285
1279
1286
1270
1267
1278
1286
1269
1285
1266
1277
1276
1282
1286
1275
1276
1266
1277
1287
1270
1262
1287
1266
1273
1286
1280
1276
1289
1275
1273
1283
1268
1279
1302
1282
1278
1284
1281
1288
1285
1292
1284
1278
1284
1296
1279
1286
1284
1281
1288
1262
1282
1280
1276
1282
1278
1270
1269
1274
1287
1282
1269
1272
1265
1274
1278
1278
1273
1271
1275
1287
1276
1281
1283
1273
1284
1289
1284
1283
1283
1281
1286
1282
1288
1289
1285
1281
1286
1281
1280
1282
1280
1282
1281
1274
1271
1282
1284
1285
1279
1278
1268
1283
1273
1271
1273
1269
1273
1279
1273
1272
1276
1272
1291
1280
1283
1282
1277
1291
1266
1286
1278
1285
1283
1290
1282
1283
1289
1283
1284
1287
1281
1281
1283
1239
1549
1286
1290
1288
1290
1285
1287
1286
1293
1283
1285
1287
1283
1279
1279
1284
1289
1282
1274
1284
1287
1281
1282
1288
1284
1284
1283
1286
1276
1285
1289
1284
1283
1280
1282
1283
1287
1283
1285
1285
1288
1278
1293
1286
1287
1282
1286
1288
1285
1287
1285
1299
1289
1289
1284
1281
1290
1284
1281
1284
1288
1280
1279
1279
1285
1280
1283
1285
1284
1280
1291
1282
1292
1285
1286
1283
1290
1289
1272
1358
1277
1291
1275
1288
1271
1281
1281
1283
1281
1268
1277
1287
1282
1258
1282
1278
1282
1284
1284
1281
1288
1286
1279
1282
1277
1285
1282
1282
1282
1287
1271
1283
1284
1280
1278
1284
1281
1285
1283
1284
1283
1285
1283
1287
1289
1286
1292
1286
1279
1283
1289
1284
1288
1280
1286
1277
1282
1280
1286
1291
1282
1284
1284
1289
1286
1286
1283
1299
1284
1280
1339
1282
1281
1283
1290
1284
2100
2243
1291
1294
1279
1287
1287
1286
1284
1288
1276
1283
1285
1274
1288
1286
1284
1292
1295
1281
1283
1284
1282
1343
1288
1280
1282
1283
1283
1283
1280
1283
1280
1284
1273
1288
1286
1289
1285
1287
1284
1284
1288
1272
1284
1284
1289
1378
1287
1285
1291
1279
1286
1286
1287
1286
1276
1283
1279
1283
1287
1285
1283
1291
1280
1285
1278
1280
1308
1298
1212
1631
1287
1288
1284
1288
1283
1279
1280
1284
1291
1283
1289
1282
1288
1287
1293
1285
1288
1284
1277
1290
1282
1264
1468
2272
1750
1287
1290
1281
1284
1283
1286
1285
1285
1285
1286
1282
1288
1282
1285
1285
1278
1286
1283
1281
1284
1284
1284
1284
1290
1283
1280
1284
1281
1278
1280
1284
1284
1279
1286
1282
1285
1282
1284
1285
1286
1278
1287
1286
1283
1283
1280
1278
1268
1283
1287
1287
1283
1283
1280
1281
1277
1287
1279
1281
1284
1282
1288
1283
1283
1286
1288
1286
1284
1085
2384
1286
1296
1286
1291
1284
1289
1286
1280
1288
1290
1282
1284
1285
1280
1280
1281
1283
1284
1282
1281
1287
1283
1285
1283
1288
1280
1281
1281
1277
1281
1282
1282
1275
1289
1281
1281
1302
1570
1283
1282
1869
2270
1317
1288
1355
1284
1286
1287
1286
1293
1276
1284
1278
1282
1285
1281
1289
1292
1284
1289
1287
1285
1292
1290
1286
1281
1288
1282
1287
1282
1287
1285
1275
1284
1285
1291
1286
1279
1283
1287
1281
1277
1283
1288
1275
1297
1284
1284
1287
1287
1286
1284
1284
1280
1287
1281
1285
1280
1284
1300
1289
1287
1282
1286
1286
1281
1086
2377
1865
1319
2169
1985
1318
1295
1289
1292
1290
1287
1297
1290
1291
1280
1285
1270
1290
1292
1285
1291
1285
1271
1291
1281
1294
1285
1286
1271
1304
1285
1291
1284
1285
1273
1298
1284
1285
1285
1281
1277
1293
1283
1279
1288
1284
1274
1296
1286
1284
1284
1279
1282
1303
1281
1281
1269
1278
1282
1313
1290
1281
1287
1281
1275
1310
1286
1270
1287
1276
1272
1303
1284
1270
1264
1267
1278
1302
1275
1283
1267
1283
1286
1306
1277
1282
1276
1283
1280
1304
1280
1271
1280
1280
1289
1277
1286
1268
1278
1282
1277
1286
1288
1288
1279
1283
1278
1301
1278
1286
1266
1279
1278
1311
1284
1282
1280
1283
1280
1295
1282
1268
1288
1275
1276
1292
1298
1271
1276
1265
1266
1271
1280
1269
1273
1271
1270
1263
1290
1285
1271
1273
1270
1256
1311
1279
1278
1273
1267
1269
1300
1265
1267
1275
1267
1264
1314
1280
1280
1277
1274
1265
1315
1285
1269
1269
1275
1261
1302
1271
1265
1270
1274
1287
1306
1272
1267
1278
1271
1263
1305
1270
1280
1273
1273
1268
1299
1280
1268
1272
1268
1284
1302
1290
1264
1273
1267
1271
1300
1270
1267
1273
1269
1265
1291
1276
1268
1273
1268
1268
1277
1274
1278
1277
1273
1272
1299
1285
1268
1268
1272
1277
1335
1288
1270
1277
1267
1271
1303
1282
1279
1276
1265
1271
1300
1280
1271
1272
1270
1270
1276
1287
1276
1280
1271
1268
1254
1297
1207
1343
1286
1284
1316
1285
1287
1285
1280
1283
1302
1302
1287
1286
1285
1279
1264
1293
1424
1383
1292
1285
1316
1375
1293
1333
1290
1286
1325
1288
1285
1279
1289
1282
1311
1291
1284
1286
1280
1278
1316
1287
1281
1288
1288
1284
1314
1288
1279
1277
1283
1282
1309
1278
1286
1281
1290
1281
1313
1281
1288
1285
1293
1282
1309
1285
1275
1285
1269
1300
1314
1289
1289
1283
1288
1289
1314
1282
1285
1285
1286
1283
1309
1281
1288
1287
1285
1283
1315
1283
1294
1287
1288
1287
1309
1291
1282
1288
1282
1273
1331
1286
1284
1284
1278
1280
1304
1285
1281
1283
1278
1279
1293
1276
1271
1262
1270
1261
1289
1273
1279
1269
1267
1268
1267
1291
1280
1282
1275
1269
1251
1277
1273
1272
1276
1268
1262
1288
1264
1265
1264
1272
1274
1288
1271
1270
1275
1266
1275
1300
1269
1269
1270
1267
1269
1291
1286
1272
1265
1264
1266
1297
1267
1269
1265
1271
1272
1292
1272
1267
1270
1267
1275
1289
1311
1272
1274
1274
1268
1302
1281
1283
1271
1282
1280
1312
1285
1287
1284
1284
1286
1313
1397
1290
1364
1279
1283
1318
1289
1285
1287
1287
1287
1314
1285
1286
1285
1281
1285
1306
1281
1285
1282
1281
1269
1301
1276
1276
1273
1272
1266
1316
1285
1273
1268
1261
1269
1294
1271
1264
1269
1264
1268
1293
1279
1265
1273
1269
1270
1289
1281
1270
1269
1274
1261
1288
1281
1275
1273
1272
1267
1284
1281
1265
1282
1269
1285
1288
1292
1282
1275
1269
1271
1251
1293
1287
1270
1271
1270
1253
1300
1289
1275
1274
1287
1261
1290
1276
1289
1266
1285
1266
1315
1277
1280
1277
1273
1290
1306
1289
1283
1280
1288
1287
1307
1285
1285
1296
1272
1283
1310
1284
1277
1279
1289
1285
1306
1276
1293
1266
1281
1265
1304
1269
1273
1273
1266
1271
1302
1279
1271
1271
1344
1290
1306
1290
1288
1282
1283
1285
1317
1292
1280
1284
1284
1284
1308
1289
1285
1283
1283
1268
1300
1279
1273
1273
1270
1284
1310
1288
1267
1284
1261
1285
1304
1264
1420
1464
1352
1287
1284
1286
1219
2290
2287
2280
1423
1289
1287
1292
1290
1281
1288
1294
1285
1278
1287
1273
1281
1281
1285
1280
1285
1278
1284
1284
1285
1283
1285
1282
1283
1288
1280
1279
1279
1285
1285
1277
1282
1284
1284
1282
1285
1286
1282
1287
1280
1283
1290
1286
1286
1281
1287
1296
1285
1281
1282
1286
1281
1288
1256
2269
2062
1276
1285
1408
2275
1688
1285
1321
1285
1288
1296
1301
1287
1234
1290
1287
1285
1284
1281
1250
1313
1279
1284
1281
1294
1288
1295
1284
1283
1282
1283
1217
1289
1279
1290
1285
1285
1285
1283
1283
1284
1283
1286
1255
1320
1283
1281
1284
1282
1280
1344
1280
1283
1278
1286
1287
1352
1285
1290
1286
1286
1283
1342
1284
1285
1285
1279
1347
1283
1283
1286
1285
1287
1283
1278
1283
1282
1284
1277
1363
1285
1288
1282
1281
1281
1286
1285
1283
1285
1291
1288
1258
1325
1287
1284
1311
1288
1392
1295
1281
1282
1283
1287
1223
1284
1290
1302
1287
1301
1222
1305
1287
1296
1299
1300
1296
1102
1367
1262
1289
1282
1299
1289
1307
1286
1301
1285
1299
1291
1301
1289
1263
1293
1285
1300
1285
1297
1284
1307
1287
1300
1297
1298
1286
1267
1245
2269
1990
1300
1191
2293
2091
1307
1294
1294
1288
1285
1292
1322
1282
1069
2286
2040
1322
1320
1311
1337
1294
1289
1297
1312
1336
1333
1339
1307
1338
1276
2317
2411
1359
1325
1311
1323
1313
1323
1336
1318
1296
1291
1285
1307
1312
1307
1899
2294
1680
1290
1302
1308
1318
1317
1360
1329
1716
1311
1320
1300
1315
1321
1317
1288
1290
1275
1298
1363
1290
1319
1301
1310
1309
1296
1296
1308
1288
1276
1333
1227
2537
1302
1271
1293
1288
1995
2459
1324
1298
1300
1876
2432
1320
1304
1294
1298
1294
1287
1308
1293
1230
1289
1283
1280
1312
1290
1290
1286
1294
1275
1310
1283
1290
1285
1290
1286
1301
1279
1352
1292
1285
1294
1305
1285
1279
1288
1278
1273
1289
1283
1284
1291
1279
1272
1310
1282
1231
1288
1305
1270
1288
1281
1288
1282
1286
1277
1381
1283
1281
1345
1281
1321
1281
1293
1279
1281
1277
1295
1281
1286
1283
1284
1282
1299
1284
1281
1349
1280
1290
1295
1304
1287
1281
1286
1294
1297
1289
1288
1284
1285
1279
1312
1280
1286
1348
1289
1289
1301
1285
1284
1286
1289
1278
1303
1314
1283
1287
1306
1286
1276
1334
1285
1357
1284
1291
1302
1285
1282
1312
1281
1301
1438
1417
1185
1321
1259
1288
1332
1288
1328
1288
1282
1274
1319
1328
1305
1285
1315
1307
1319
1285
1325
1296
1375
1303
1355
1301
1318
1357
1343
1329
1363
1307
1337
1325
1370
1348
1342
1402
1621
1300
1300
1373
1306
1319
1354
1356
1253
1332
1232
1693
1270
1180
1736
1372
1354
1337
1598
1310
1349
1577
1728
1684
1638
1399
1300
1753
1324
1289
1298
1286
1293
1335
1292
1290
1287
1288
1272
1291
1289
1426
1343
1285
1287
1297
1277
1293
1317
1286
1284
1344
1283
1889
1301
1290
1323
1289
1287
1288
1282
1288
1292
1290
1285
1307
1288
1275
1370
1282
1291
1286
1291
1280
1289
1092
1692
1303
1723
1352
1405
1301
1290
1284
1289
1348
1292
1282
1288
1287
1301
1284
1287
1288
1291
1281
1286
1354
1282
1284
1284
1286
1284
1287
1284
1284
1280
1281
1285
1288
1308
1282
1287
1281
1287
1283
1345
1280
1284
1280
1289
1282
1306
1286
1275
1284
1285
1287
1284
1289
1285
1293
1279
1235
1284
1286
1692
1307
1282
1434
1465
1361
1381
1293
1281
1434
1382
1289
1297
1361
1912
1294
1285
1321
1284
1289
1287
2072
2109
1318
1289
1519
1285
1299
1281
1290
1284
1299
1281
1878
1367
2110
1293
1291
1295
1767
1289
1290
1305
1305
1288
1328
1292
1288
1533
1292
1296
1293
1328
1301
1294
1297
1302
1309
1284
1497
1318
1300
1285
1288
1292
1291
1290
1283
1315
1307
1343
1532
1305
1300
1323
1312
1306
1315
1331
1263
1304
1307
1296
1336
1355
1320
1302
1309
1254
1379
1303
1309
1293
1266
1144
1382
1288
1286
1307
1287
1279
1279
1284
1286
1309
1294
1228
1286
1281
1697
1312
1290
1385
1305
1309
1315
1387
1211
1670
1283
1291
1324
1313
1282
1699
1287
1282
1337
1300
1295
1363
1288
1293
1294
1294
1221
1290
1292
1277
1290
1283
1285
1289
1283
1283
1296
1277
1273
1329
1292
1285
1295
1285
1288
1287
1285
1283
1295
1286
1284
1342
1279
1286
1310
1289
1286
1290
1286
1286
1285
1276
1228
1284
1291
1282
1285
1283
1286
1283
1285
1280
1289
1290
1259
1314
1277
1287
1285
1280
1287
1284
1283
1284
1279
1288
1280
1350
1285
1291
1289
1281
1285
1295
1279
1281
1291
1280
1282
1346
1284
1288
1283
1283
1288
1284
1281
1283
1285
1285
1279
1417
1281
1286
1282
1289
1279
1285
1287
1283
1282
1281
1285
1341
1281
1281
1284
1281
1284
1274
1285
1281
1276
1278
1285
1344
1286
1284
1280
1286
1282
1278
1283
1296
1288
1285
1283
1290
1129
2369
1329
1284
1298
1291
1300
1282
1303
1290
1267
1288
1288
1300
1283
1296
1284
1294
1289
1294
1287
1303
1286
1272
1284
1273
1301
1273
1291
1283
1297
1281
1290
1280
1260
1273
1264
1318
1284
1307
1277
1301
1283
1290
1288
1289
1288
1255
1282
1273
1306
1269
1297
1275
1300
1271
1298
1272
1258
1280
1267
1277
1280
1295
1268
1306
1269
1295
1291
1294
1270
1255
1266
1263
1306
1272
1284
1269
1286
1263
1291
1276
1255
1271
1288
1430
1289
1319
1272
1291
1261
1292
1278
1300
1272
1276
1277
1278
1298
1271
1286
1272
1300
1273
1296
1270
1517
1279
1251
1266
1282
1289
1277
1291
1280
1267
1289
1281
1288
1281
1286
1286
1282
1281
1271
1280
1271
1272
1280
1282
1281
1279
1279
1265
1267
1286
1280
1288
1280
1273
1276
1281
1283
1274
1268
1269
1280
1282
1279
1283
1282
1279
1284
1287
1277
1277
1261
1262
1274
1275
1279
1273
1262
1280
1276
1279
1279
1284
1276
1280
1272
1289
1286
1279
1279
1267
1279
1282
1264
1283
1269
1280
1275
1288
1275
1273
1266
1265
1271
1281
1283
1269
1272
1269
1284
1303
1276
2185
2272
1372
1284
1287
1282
1285
1280
1282
1280
1277
1273
1274
1270
1288
1279
1266
1269
1281
1288
1281
1287
1275
1275
1265
1287
1277
1286
1272
1281
1285
1279
1284
1287
1282
1283
1275
1284
1278
1285
1268
1276
1267
1275
1273
1288
1278
1291
1278
1274
1283
1301
1290
1266
1281
1261
1279
1287
1284
1283
1267
1289
1275
1279
1273
1279
1268
