2621
2528
2541
2586
2502
2573
2569
2514
2584
2579
4416
2720
2150
1504
1313
1284
1283
1291
1291
1289
1301
1291
1281
1290
1295
1276
1303
1283
1301
1285
1310
1294
1314
1287
1285
1290
1370
1304
1316
1367
1279
1278
1283
1300
1320
1279
1283
1282
1281
1298
1316
1294
1287
1284
1283
1283
1334
1284
1298
1287
1341
1276
1326
1284
1289
1281
1284
1283
1326
1276
1277
1281
1282
1284
1309
1294
1281
1288
1282
1287
1299
1287
1281
1285
1350
1284
1323
1300
1288
1279
1282
1283
1316
1291
1285
1281
1282
1281
1313
1280
1284
1285
1284
1295
1317
1292
1284
1288
1283
1277
1300
1319
1301
1286
1284
1345
1311
1301
1299
1287
1290
1279
1307
1288
1301
1289
1288
1280
1299
1296
1296
1287
1279
1288
1309
1306
1285
1298
1228
1286
1304
1296
1282
1295
1293
1279
1268
1293
1288
1293
1288
1281
1260
1294
1296
1308
1300
1300
1280
1312
1306
1312
1320
1311
1317
1318
1299
1287
1308
1351
1318
1310
1296
1296
1314
1292
1317
1301
1290
1291
1313
1522
1336
1303
1303
1437
1309
1298
1307
1282
1288
1298
1293
1288
1298
1292
1287
1292
1184
2271
1622
1295
1292
1282
1291
1309
1288
1282
1286
1288
1288
1312
1286
1286
1287
1286
1285
1301
1278
1288
1283
1284
1281
1297
1288
1283
1286
1282
1283
1305
1284
1284
1287
1279
1277
1264
1282
1287
1282
1285
1299
1271
1287
1288
1291
1287
1281
1279
1292
1288
1287
1293
1289
1272
1290
1279
1289
1287
1294
1287
1307
1289
1280
1286
1283
1292
1301
1284
1281
1288
1284
1286
1301
1288
1286
1277
1281
1285
1299
1289
1289
1294
1290
1283
1308
1285
1285
1285
1272
1281
1295
1287
1283
1286
1307
1304
1303
1282
1283
1281
1283
1288
1314
1285
1282
1285
1588
1284
1303
1283
1290
1283
1286
1281
1308
1284
1289
1288
1290
1284
1303
1287
1289
1289
1283
1285
1302
1286
1286
1281
1282
1281
1306
1284
1282
1283
1288
1282
1300
1291
1289
1288
1289
1276
1301
1281
1281
1281
1100
2393
1314
1283
1284
1242
1304
1285
1300
1286
1289
1287
1288
1281
1310
1289
1287
1285
1284
1275
1293
1282
1275
1283
1299
1277
1299
1282
1283
1275
1323
1283
1292
1282
1268
1284
1266
1288
1307
1306
1278
1272
1269
1288
1290
1288
1280
1269
1289
1276
1293
1279
1290
1269
1271
1270
1305
1287
1274
1287
1289
1284
1288
1294
1272
1278
1268
1274
1260
1283
1274
1269
1270
1261
1259
1289
1280
1285
1282
1287
1285
1305
1296
1289
1291
2096
1315
1287
1289
1284
1927
1442
1293
1290
1295
1292
1283
1301
1293
1282
1286
1286
1284
1268
1291
1287
1282
1279
1287
1276
1285
1293
1289
1290
1279
1275
1306
1289
1286
1268
1287
1273
1299
1288
1285
1271
1278
1305
1305
1285
1285
1278
1271
1269
1301
1283
1278
1283
1270
1277
1287
1280
1278
1278
1277
1280
1284
1294
1286
1279
1278
1267
1287
1285
1272
1290
1270
1273
1286
1278
1275
1289
1269
1269
1284
1297
1272
1289
1267
1265
1256
1286
1282
1287
1286
1285
1269
1285
1296
1286
1298
1286
1269
1288
1277
1282
1276
1283
1282
1303
1279
1294
1280
1287
1282
1306
1285
1288
1280
1285
1288
1300
1293
1283
1277
1285
1269
1299
1279
1277
1266
1281
1270
1299
1281
1293
1285
1285
1284
1303
1278
1284
1277
1281
1287
1298
1281
1481
1641
1282
1293
1301
1288
1286
1292
1283
1284
1304
1292
1282
1290
1285
1281
1301
1285
1282
1279
1288
1279
1308
1285
1285
1276
1287
1284
1299
1282
1283
1292
1278
1291
1302
1291
1289
1276
1270
1266
1297
1265
1284
1267
1840
1968
1278
1270
1258
1277
1271
1256
1280
1280
1292
1285
1339
1280
1292
1282
1286
1286
1289
1285
1274
1289
1282
1292
1273
1273
1282
1297
1268
1279
1270
1279
1280
1269
1288
1272
1282
1269
1270
1287
1292
1268
1285
1268
1285
1277
1275
1285
1278
1292
1261
1287
1284
1280
1269
1277
1266
1287
1274
1274
1263
1270
1272
1270
1294
1274
1278
1271
1274
1280
1290
1288
1264
1270
1273
1296
1268
1281
1268
1274
1270
1280
1281
1274
1291
1276
1292
1275
1281
1266
1291
1275
1276
1268
1281
1271
1274
1268
1278
1291
1291
1278
1284
1282
1271
1289
1289
1287
1283
1343
1280
1283
1289
1286
1293
1282
1291
1283
1293
1288
1300
1424
1291
1284
1282
1287
1278
1290
1288
1289
1290
1293
1287
1294
1288
1290
1279
1289
1272
1258
1285
1268
1299
1271
1285
1260
1291
1275
1286
1269
1276
1274
1276
1287
1283
1296
1273
1292
1273
1278
1278
1287
1272
1268
1263
1266
1295
1289
1293
1281
1282
1287
1293
1283
1291
1280
1265
1262
1276
1292
1273
1279
1269
1288
1284
1291
1267
1271
1277
1276
1282
1280
1295
1275
1274
1285
1285
1277
1289
1274
1275
1281
1272
1296
1283
1287
1270
1297
1282
1300
1273
1282
1277
1280
1269
1284
1288
1266
1286
1285
1276
1289
1284
1285
1272
1284
1275
1281
1271
1288
1274
1279
1271
1284
1291
1294
1270
1274
1275
1291
1280
1276
1288
1285
1277
1279
1279
1279
1276
1272
1270
1277
1292
1290
1263
1268
1271
1292
1291
1277
1280
1281
1273
1279
1285
1279
1282
1268
1285
1285
1296
1270
1217
1472
1298
1284
1293
1286
1293
1285
1295
1277
1278
1290
1282
1285
1270
1293
1282
1276
1274
1290
1278
1280
1285
1260
1274
1281
1278
1268
1288
1269
1274
1269
1289
1266
1289
1280
1262
1281
1272
1278
1280
1287
1271
1277
1270
1272
1278
1287
1282
1260
1267
1269
1285
1286
1272
1268
1290
1268
1285
1289
1277
1267
1272
1277
1275
1283
1275
1272
1270
1274
1268
1296
1266
1264
1270
1269
1273
1291
1274
1268
1272
1264
1278
1290
1275
1263
1264
1267
1272
1290
1277
1277
1264
1276
1270
1286
1276
1259
1274
1265
1272
1277
1276
1277
1275
1265
1278
1275
1288
1269
1260
1270
1272
1280
1280
1271
1272
1270
1280
1272
1282
1277
1283
1266
1281
1275
1286
1288
1287
1269
1278
1269
1290
1276
1271
1275
1264
1268
1286
1283
1271
1282
1271
1275
1291
1283
1268
1265
1271
1269
1292
1278
1280
1264
1279
1267
1290
1289
1280
1278
1254
1265
1278
1298
1268
1284
1291
1283
1273
1294
1284
1279
1275
1260
1282
1285
1286
1276
1283
1287
1288
1287
1292
1285
1294
1277
1275
1281
1280
1296
1283
1290
1286
1299
1281
1300
1288
1286
1288
1943
1285
1293
1289
1295
1288
1281
1376
1296
1766
2527
1820
1296
1298
1285
1282
1287
1289
1297
1288
1291
1289
1296
1286
1286
1288
1288
1291
1276
1285
1283
1291
1291
1292
1286
1288
1285
1287
1283
1291
1280
1295
1283
1279
1284
1290
1292
1291
1292
1284
1295
1291
1289
1290
1294
1286
1278
1284
1282
1292
1284
1285
1287
1287
1283
1289
1290
1283
1290
1274
1278
1286
1284
1275
1284
1275
1284
1283
1277
1268
1277
1268
1267
1286
1282
1292
1292
1292
1271
1298
1294
1285
1274
1279
1274
1293
1273
1267
1277
1271
1282
1285
1277
1265
1277
1274
1264
1283
1276
1270
1275
1269
1273
1303
1284
1282
1276
1291
1277
1293
1274
1272
1266
1270
1279
1286
1277
1276
1275
1270
1269
1284
1282
1284
1281
1291
1271
1287
1291
1283
1274
1277
1270
1290
1274
1268
1269
1268
1274
1272
1294
1267
1274
1278
1271
1273
1294
1268
1263
1265
1270
1274
1290
1268
1268
1277
1268
1269
1288
1283
1269
1268
1270
1266
1287
1280
1272
1273
1270
1269
1292
1277
1267
1281
1266
1276
1281
1291
1271
1283
1272
1276
1279
1277
1273
1272
1279
1264
1279
1287
1270
1270
1276
1275
1278
1286
1274
1273
1265
1267
1268
1290
1275
1270
1270
1270
1261
1290
1268
1272
1276
1269
1275
1291
1283
1272
1269
1265
1268
1289
1276
1269
1275
1270
1265
1282
1275
1281
1277
1273
1267
1289
1288
1292
1281
1268
1273
1282
1296
1270
1270
1289
1273
1281
1285
1279
1268
1272
1270
1276
1293
1273
1271
1271
1275
1276
1292
1277
1270
1277
1278
1271
1286
1275
1276
1272
1276
1266
1283
1272
1271
1274
1269
1272
1289
1270
1270
1279
1277
1287
1288
1278
1291
1269
1287
1270
1287
1278
1274
1268
1273
1272
1288
1289
1276
1279
1287
1287
1285
1285
1275
1282
1292
1287
1273
1289
1270
1282
1274
1274
1273
1272
1269
1276
1277
1276
1285
1288
1282
1271
1283
1270
1279
1286
1268
1272
1270
1281
1272
1291
1268
1280
1274
1285
1273
1293
1286
1271
1271
1274
1280
1288
1293
1274
1282
1270
1280
1283
1283
1270
1265
1274
1279
1292
1280
1280
1265
1272
1271
1289
1279
1266
1271
1271
1275
1273
1285
1270
1277
1273
1275
1276
1291
1271
1267
1272
1270
1274
1290
1276
1269
1280
1274
1269
1283
1271
1272
1266
1292
1272
1297
1278
1272
1275
1269
1273
1298
1284
1273
1267
1271
1271
1279
1273
1272
1271
1280
1286
1287
1285
1266
1273
1270
1272
1277
1288
1274
1270
1267
1272
1285
1288
1275
1272
1271
1275
1277
1297
1279
1283
1269
1271
1280
1294
1276
1267
1272
1268
1263
1288
1270
1273
1268
1270
1266
1292
1276
1272
1270
1284
1268
1291
1280
1272
1269
1279
1275
1287
1276
1273
1276
1271
1272
1278
1274
1267
1273
1270
1275
1287
1290
1275
1272
1273
1267
1279
1286
1270
1264
1274
1278
1275
1289
1275
1273
1266
1269
1272
1291
1281
1272
1271
1265
1265
1294
1276
1274
1273
1277
1283
1285
1292
1292
1290
1287
1295
1283
1292
1284
1291
1286
1276
1290
1286
1293
1285
1291
1289
1296
1283
1302
1287
1290
1282
1289
1287
1284
1286
1285
1289
1283
1300
1282
1287
1290
1290
1287
1288
1283
1278
1285
1286
1295
1259
1296
1284
1291
1282
1290
1289
1287
1286
1287
1280
1276
1282
1288
1292
1284
1290
1290
1294
1290
1298
1286
1297
1288
1281
1292
1288
1287
1289
1295
1290
1290
1286
1291
1289
1291
1295
1291
1284
1289
1288
1285
1291
1286
1284
1287
1291
1282
1286
1282
1288
1269
1272
1291
1287
1286
1275
1291
1268
1272
1414
1292
1288
1289
1290
1293
1284
1286
1285
1285
1289
1281
1284
1286
1293
1277
1272
1264
1295
1272
1261
1284
1266
1298
1285
1291
1269
1275
1272
1273
1283
1285
1275
1265
1268
1271
1294
1290
1288
1270
1282
1270
1287
1283
1277
1274
1263
1273
1278
1297
1275
1273
1268
1278
1271
1289
1278
1276
1272
1265
1278
1291
1277
1278
1284
1276
1274
1288
1267
1285
1270
1268
1262
1300
1276
1280
1270
1276
1268
1291
1274
1278
1268
1256
1273
1282
1287
1271
1276
1270
1274
1278
1282
1269
1280
1269
1261
1283
1285
1277
1275
1279
1276
1293
1288
1280
1269
1277
1279
1269
1286
1268
1276
1272
1277
1279
1291
1274
1276
1272
1278
1278
1290
1275
1277
1279
1270
1280
1283
1277
1268
1278
1273
1259
1285
1272
1291
1269
1283
1269
1295
1271
1281
1277
1281
1272
1286
1276
1273
1277
1270
1278
1282
1290
1266
1275
1273
1280
1286
1278
1274
1269
1285
1275
1285
1280
1274
1275
1294
1279
1294
1293
1272
1284
1275
1289
1278
1292
1283
1293
1269
1290
1280
1293
1286
1278
1285
1287
1291
1289
1285
1270
1276
1271
1279
1288
1294
1281
1269
1270
1280
1293
1273
1279
1274
1277
1266
1292
1279
1280
1270
1267
1269
1289
1279
1273
1292
1284
1291
1287
1285
1287
1275
1267
1275
1288
1286
1275
1271
1275
1271
1284
1288
1279
1272
1267
1272
1275
1285
1273
1276
1275
1277
1277
1288
1270
1276
1290
1268
1284
1291
1273
1277
1281
1270
1278
1285
1278
1268
1272
1280
1271
1285
1277
1274
1273
1271
1274
1293
1278
1273
1276
1273
1272
1290
1287
1275
1269
1270
1274
1283
1270
1290
1269
1271
1270
1274
1281
1289
1283
1270
1273
1287
1286
1279
1270
1273
1274
1287
1281
1270
1283
1267
1278
1289
1289
1271
1274
1266
1280
1276
1277
1270
1279
1283
1271
1279
1281
1280
1275
1274
1275
1272
1283
1262
1273
1273
1278
1276
1302
1274
1279
1288
1277
1274
1290
1287
1264
1265
1270
1281
1284
1290
1273
1278
1270
1280
1284
1278
1287
1264
1275
1276
1278
1290
1276
1267
1278
1267
1290
1292
1272
1276
1270
1281
1275
1292
1272
1276
1271
1277
1277
1293
1272
1273
1269
1267
1265
1285
1275
1277
1276
1272
1273
1289
1282
1272
1271
1268
1270
1288
1283
1275
1277
1275
1268
1288
1276
1273
1270
1276
1278
1282
1290
1271
1275
1272
1275
1279
1291
1269
1268
1269
1273
1281
1291
1278
1270
1279
1271
1277
1284
1273
1268
1276
1275
1277
1289
1276
1269
1272
1272
1269
1295
1266
1273
1268
1270
1265
1287
1282
1270
1283
1274
1271
1284
1293
1281
1280
1290
1275
1288
1272
1285
1272
1282
1270
1288
1289
1282
1280
1280
1282
1284
1289
1283
1281
1276
1280
1290
1288
1280
1278
1289
1276
1290
1282
1281
1277
1288
1275
1289
1285
1284
1279
1279
1279
1279
1279
1269
1284
1273
1284
1270
1289
1287
1276
1279
1276
1295
1289
1272
1271
1276
1270
1271
1285
1283
1271
1273
1266
1272
1283
1273
1268
1285
1292
1289
1284
1282
1276
1285
1296
1272
1287
1284
1279
1272
1289
1272
1280
1281
1271
1270
1272
1267
1281
1290
1275
1255
1285
1270
1282
1290
1277
1272
1273
1279
1286
1293
1278
1277
1267
1273
1280
1293
1275
1282
1271
1284
1267
1291
1272
1280
1274
1270
1270
1284
1286
1278
1280
1270
1279
1293
1287
1277
1278
1271
1270
1290
1279
1281
1272
1282
1277
1288
1287
1280
1275
1272
1270
1281
1285
1270
1277
1273
1277
1282
1289
1277
1272
1270
1272
1272
1288
1284
1274
1272
1279
1279
1281
1276
1278
1272
1290
1284
1286
1277
1282
1271
1273
1271
1282
1271
1275
1288
1276
1269
1279
1270
1272
1281
1273
1275
1293
1286
1274
1275
1267
1271
1281
1282
1276
1270
1269
1273
1291
1283
1282
1275
1271
1287
1280
1274
1272
1278
1272
1267
1274
1277
1268
1273
1272
1282
1274
1284
1275
1272
1276
1277
1276
1282
1275
1269
1289
1270
1284
1287
1263
1274
1271
1282
1273
1292
1275
1278
1269
1282
1275
1287
1271
1265
1270
1272
1275
1293
1275
1265
1265
1271
1273
1286
1278
1269
1267
1265
1274
1290
1282
1287
1275
1279
1290
1285
1288
1280
1288
1284
1284
1282
1290
1272
1279
1284
1275
1280
1288
1279
1271
1279
1274
1271
1289
1278
1285
1268
1275
1277
1291
1283
1274
1272
1266
1264
1280
1282
1272
1273
1283
1264
1290
1277
1279
1276
1278
1288
1282
1282
1276
1270
1263
1283
1285
1276
1287
1274
1273
1267
1280
1288
1285
1273
1275
1265
1277
1281
1274
1271
1271
1268
1276
1295
1272
1274
1269
1269
1263
1292
1276
1275
1284
1283
1280
1283
1294
1271
1288
1280
1284
1281
1274
1278
1264
1276
1262
1285
1277
1288
1272
1287
1272
1288
1274
1273
1278
1269
1287
1291
1285
1273
1287
1273
1282
1292
1289
1286
1284
1277
1271
1287
1284
1288
1274
1288
1268
1277
1278
1277
1272
1271
1278
1283
1284
1273
1286
1273
1279
1289
1293
1270
1274
1273
1271
1276
1289
1274
1277
1271
1275
1278
1291
1281
1275
1272
1271
1276
1287
1275
1273
1271
1272
1275
1285
1273
1273
1274
1274
1271
1292
1275
1272
1271
1271
1275
1289
1270
1279
1273
1269
1272
1288
1284
1276
1269
1274
1267
1283
1274
1282
1271
1276
1275
1288
1282
1285
1275
1271
1272
1280
1293
1282
1283
1275
1278
1276
1289
1273
1275
1274
1274
1289
1287
1284
1289
1293
1279
1289
1285
1298
1289
1288
1278
1280
1288
1285
1292
1284
1286
1283
1291
1283
1287
1279
1286
1289
1286
1286
1287
1287
1287
1286
1287
1288
1282
1291
1277
1287
1285
1283
1292
1285
1285
1283
1290
1288
1287
1288
1291
1289
1291
1287
1285
1287
1287
1280
1288
1287
1276
1271
1274
1271
1275
1288
1275
1270
1289
1269
1277
1291
1279
1268
1300
1282
1277
1294
1278
1270
1273
1272
1283
1291
1286
1290
1274
1280
1282
1284
1276
1269
1276
1278
1269
1286
1272
1275
1268
1270
1270
1286
1278
1279
1269
1272
1272
1288
1287
1278
1272
1273
1269
1287
1275
1276
1277
1274
1273
1281
1272
1267
1269
1272
1267
1288
1291
1281
1275
1271
1269
1282
1281
1282
1276
1272
1270
1271
1284
1281
1273
1283
1298
1288
1286
1274
1288
1280
1269
1276
1292
1274
1264
1290
1276
1267
1285
1275
1278
1274
1269
1276
1288
1288
1296
1285
1276
1291
1286
1279
1273
1287
1276
1269
1301
1286
1282
1283
1278
1276
1301
1281
1270
1274
1267
1278
1282
1292
1274
1273
1271
1270
1284
1283
1276
1277
1274
1275
1274
1278
1276
1269
1273
1276
1273
1290
1286
1280
1264
1272
1275
1291
1273
1271
1282
1290
1270
1292
1265
1266
1271
1267
1279
1286
1281
1270
1270
1271
1273
1292
1278
1275
1269
1277
1283
1288
1273
1275
1275
1285
1272
1283
1285
1278
1279
1269
1271
1282
1283
1275
1285
1275
1272
1279
1290
1269
1275
1272
1273
1278
1285
1274
1273
1273
1284
1283
1284
1274
1271
1278
1273
1272
1287
1280
1275
1273
1281
1264
1287
1274
1272
1284
1272
1283
1289
1283
1280
1269
1265
1276
1287
1276
1267
1275
1274
1274
1287
1281
1272
1268
1273
1277
1290
1284
1273
1265
1273
1266
1270
1283
1268
1279
1274
1278
1278
1289
1277
1281
1290
1274
1285
1280
1271
1275
1275
1274
1277
1287
1277
1268
1272
1274
1273
1290
1272
1287
1276
1281
1268
1284
1287
1296
1274
1287
1267
1288
1280
1269
1270
1292
1290
1293
1287
1272
1287
1275
1277
1287
1281
1286
1279
1272
1266
1295
1291
1273
1278
1278
1273
1277
1285
1275
1279
1266
1273
1275
1295
1271
1276
1281
1280
1279
1291
1272
1275
1266
1284
1277
1287
1288
1277
1276
1281
1283
1293
1276
1280
1270
1287
1270
1284
1275
1276
1270
1271
1265
1288
1280
1275
1266
1271
1274
1293
1281
1274
1273
1273
1265
1274
1277
1272
1274
1273
1274
1288
1269
1291
1272
1276
1289
1288
1291
1273
1274
1272
1282
1277
1290
1274
1270
1271
1575
1283
1285
1271
1275
1271
1273
1280
1284
1274
1280
1290
1279
1278
1280
1278
1271
1268
1267
1269
1284
1270
1274
1266
1272
1272
1280
1284
1273
1277
1277
1272
1284
1282
1273
1269
1275
1272
1283
1289
1270
1273
1273
1272
1286
1285
1273
1270
1268
1275
1283
1286
1286
1269
1277
1285
1279
1280
1283
1270
1270
1282
1280
1288
1281
1281
1270
1272
1279
1296
1282
1279
1274
1292
1279
1286
1280
1283
1274
1269
1274
1280
1269
1285
1270
1293
1267
1287
1273
1291
1274
1272
1273
1285
1270
1266
1277
1272
1264
1279
1287
1270
1295
1274
1279
1286
1272
1268
1290
1273
1267
1286
1273
1272
1275
1282
1265
1287
1288
1291
1277
1277
1272
1283
1286
1276
1273
1283
1279
1283
1288
1268
1275
1278
1283
1272
1277
1269
1271
1278
1276
1279
1284
1274
1268
1267
1288
1272
1285
1273
1278
1268
1290
1266
1294
1266
1279
1283
1269
1286
1289
1282
1273
1273
1268
1288
1287
1290
1286
1279
1280
1283
1290
1270
1278
1268
1289
1278
1282
1280
1271
1273
1271
1265
1287
1278
1268
1287
1269
1272
1276
1289
1268
1273
1268
1271
1280
1294
1281
1276
1274
1272
1277
1287
1270
1267
1306
1283
1268
1279
1284
1278
1281
1287
1276
1285
1291
1282
1271
1278
1273
1288
1271
1270
1282
1271
1286
1283
1284
1277
1289
1283
1277
1290
1288
1283
1282
1283
1280
1283
1281
1287
1282
1290
1285
1289
1283
1289
1279
1288
1287
1291
1284
1278
1290
1288
1289
1283
1285
1281
1393
2089
1381
1285
1284
1269
1279
1276
1377
1286
1293
1282
1289
1285
1366
1294
1296
1289
1293
1309
1378
1294
1289
1301
1287
1291
1375
1296
1297
1294
1297
1278
1392
1300
1288
1103
1659
1297
1380
1300
1301
1452
1293
1204
1295
1360
1291
1285
1300
1204
1301
1293
1302
1271
1311
1214
1300
1291
1312
1299
1297
1323
1294
1290
1293
1295
1292
1383
1296
1295
1293
1301
1292
1374
1297
1296
1292
1295
1292
1377
1306
1296
1294
1298
1297
1390
1300
1294
1323
1295
1292
1257
1327
1295
1291
1283
1280
1385
1303
1286
1284
1291
1288
1384
1300
1283
1270
1300
1277
1381
1290
1308
1290
1279
1294
1395
1293
1286
1290
1285
1309
1390
1302
1295
1054
1681
1300
1302
1300
1294
1298
1296
1384
1310
1295
1242
2371
1321
1441
1298
1308
1748
1539
1385
1299
1314
1294
1294
1293
1368
1304
1293
1298
1287
1285
1310
1290
1288
1305
1284
1288
1312
1293
1287
1284
1284
1293
1313
1294
1301
1291
1286
1299
1396
1302
1288
1329
1287
1296
1379
1302
1293
1285
1288
1272
1397
1296
1285
1282
1272
1285
1382
1282
1288
1283
1280
1287
1387
1295
1290
1283
1293
1279
1397
1287
1281
1279
1276
1287
1374
1298
1276
1302
1284
1286
1392
1301
1280
1291
1281
1311
1391
1295
1291
1284
1304
1285
1387
1288
1305
1281
1287
1292
1326
1295
1290
1279
1282
1303
1248
1297
1284
1282
1294
1293
1222
1291
1281
1273
1282
1288
1383
1298
1286
1275
1291
1289
1381
1295
1290
1277
1292
1286
1380
1288
1319
1282
1286
1277
1390
1282
1283
1283
1280
1287
1381
1295
1277
1293
1280
1284
1392
1290
1311
1525
1352
1302
1395
1296
1295
1295
1292
1289
1388
1295
1303
1310
1297
1277
1387
1293
1289
1283
1283
1289
1433
1293
1287
1282
1306
1266
1387
1293
1289
1281
1288
1275
1383
1318
1283
1288
1282
1278
1394
1285
1288
1282
1313
1291
1383
1300
1312
1291
1291
1278
1403
1301
1295
1291
1279
1302
1382
1288
1282
1277
1286
1298
1380
1285
1296
1288
1284
1268
1375
1290
1279
1289
1279
1320
1389
1286
1288
1307
1295
1296
1302
1285
1291
1295
1288
1317
1310
1294
1282
1282
1284
1308
1293
1285
1278
1287
1280
1300
1312
1296
1281
1283
1284
1264
1301
1288
1284
1285
1283
1280
1318
1288
1286
1288
1273
1275
1307
1281
1282
1286
1280
1284
1313
1289
1289
1291
1287
1280
1309
1273
1288
1285
1281
1290
1312
1289
1276
1278
1287
1281
1323
1289
1283
1285
1280
1282
1310
1288
1282
1285
1280
1281
1395
1283
1299
1295
1287
1287
1411
1282
1297
1285
1335
1287
1400
1291
1313
1309
1289
1293
1406
1305
1283
1294
1290
1293
1388
1291
1294
1290
1294
1300
1402
1289
1298
1292
1279
1281
1399
1294
1277
1284
1281
1308
1402
1287
1297
1284
1301
1291
1399
1306
1282
1280
1281
1277
1393
1296
1286
1289
1283
1299
1382
1284
1287
1281
1286
1272
1380
1286
1301
1291
1274
1287
1409
1283
1292
1281
1283
1283
1380
1277
1300
1296
1299
1265
1392
1286
1300
1290
1289
1272
1371
1290
1286
1283
1289
1295
1380
1295
1288
1301
1287
1292
1377
1298
1280
1277
1284
1297
1388
1298
1293
1283
1289
1292
1389
1288
1291
1280
1282
1261
1385
1302
1282
1281
1287
1298
1386
1279
1283
1280
1275
1378
1297
1289
1272
1303
1287
1388
1287
1292
1262
1278
1280
1380
1297
1280
1290
1285
1314
1383
1303
1286
1303
1279
1280
1372
1292
1288
1286
1280
1279
1386
1296
1288
1288
1276
1277
1370
1292
1297
1292
1284
1286
1369
1301
1291
1285
1289
1283
1381
1301
1282
1273
1288
1287
1377
1289
1292
1294
1281
1292
1190
1384
1288
1287
1284
1291
1385
1285
1296
1281
1329
1291
1414
1300
1297
1279
1279
1288
1381
1291
1288
1283
1280
1298
1368
1288
1283
1296
1309
1282
1373
1279
1292
1278
1281
1290
1368
1299
1285
1275
1290
1292
1371
1279
1287
1286
1279
1287
1368
1290
1286
1285
1279
1292
1387
1296
1286
1289
1286
1290
1368
1295
1290
1308
1279
1283
1389
1291
1301
1294
1291
1286
1387
1288
1349
1306
1289
1307
1391
1296
1284
1307
1294
1298
1386
1304
1292
1283
1284
1288
1383
1295
1298
1295
1314
1288
1395
1279
1297
1287
1292
1282
1396
1293
1299
1287
1281
1273
1391
1282
1297
1289
1279
1287
1371
1293
1298
1294
1281
1285
1388
1307
1297
1295
1270
1286
1385
1297
1293
1293
1301
1285
1373
1297
1314
1286
1295
1295
1400
1287
1284
1299
1287
1307
1391
1290
1279
1309
1353
1278
1393
1295
1297
1298
1293
1294
1401
1297
1301
1292
1287
1313
1400
1304
1290
1283
1279
1215
1299
1294
1294
1282
1278
1197
1313
1284
1281
1282
1303
1254
1339
1293
1289
1301
1299
1274
1376
1307
1359
1294
1296
1237
1335
1292
1285
1293
1305
1275
1362
1280
1278
1292
1291
1294
1388
1285
1289
1294
1285
1280
1404
1296
1283
1280
1300
1284
1388
1287
1293
1289
1295
1287
1373
1304
1286
1282
1290
1389
1297
1289
1293
1282
1288
1381
1299
1287
1303
1288
1285
1373
1312
1289
1280
1280
1281
1218
1300
1295
1289
1301
1285
1209
1306
1301
1308
1295
1279
1191
1299
1296
1294
1292
1305
1199
1298
1294
1297
1300
1294
1204
1312
1286
1288
1292
1284
1391
1330
1304
1286
1285
1297
1385
1290
1296
1288
1294
1286
1376
1293
1314
1291
1292
1286
1379
1332
1301
1301
1290
1293
1388
1299
1299
1298
1295
1291
1391
1298
1301
1296
1289
1293
1376
1319
1288
1292
1285
1298
1387
1296
1301
1314
1299
1291
1385
1286
1295
1298
1289
1289
1416
1300
1289
1292
1271
1283
1380
1293
1290
1293
1287
1285
1376
1306
1288
1289
1275
1296
1390
1280
1286
1292
1317
1294
1395
1282
1287
1297
1297
1295
1394
1307
1299
1288
1299
1288
1380
1286
1287
1295
1301
1292
1383
1296
1298
1289
1286
1283
1383
1285
1292
1278
1284
1313
1382
1287
1302
1282
1302
1281
1386
1307
1292
1287
1288
1291
1384
1304
1289
1274
1285
1297
1381
1295
1285
1292
1283
1282
1374
1293
1302
1291
1281
1285
1383
1290
1286
1288
1277
1211
1306
1284
1295
1299
1293
1244
1349
1291
1305
1289
1290
1277
1379
1291
1287
1296
1303
1298
1374
1293
1289
1297
1282
1290
1377
1295
1290
1281
1285
1274
1391
1306
1303
1293
1309
1291
1383
1296
1289
1295
1288
1289
1373
1306
1291
1294
1286
1363
1298
1291
1291
1285
1290
1243
1301
1300
1293
1306
1285
1285
1382
1306
1297
1291
1291
1274
1368
1292
1290
1280
1317
1283
1389
1290
1312
1286
1286
1377
1291
1289
1287
1285
1284
1261
1305
1293
1287
1275
1292
1213
1300
1293
1288
1281
1288
1214
1324
1292
1295
1288
1293
1230
1311
1295
1282
1297
1296
1220
1326
1296
1307
1301
1293
1691
2109
1297
1310
1297
1421
1309
1299
1303
1353
1293
1398
1301
1326
1305
1309
1301
1379
1306
1297
1305
1295
1314
1385
1298
1303
1317
1296
1303
1386
1304
1304
1298
1309
1300
1394
1292
1303
1303
1283
1299
1386
1304
1304
1305
1308
1298
1396
1315
1301
1304
1303
1302
1414
1298
1292
1301
1298
1398
1303
1302
1323
1320
1295
1417
1295
1332
1305
1300
1292
1403
1305
1357
1309
1311
1319
1395
1301
1299
1325
1306
1315
1398
1312
1301
1302
1306
1308
1402
1309
1301
1307
1327
1306
1394
1303
1306
1305
1306
1301
1387
1318
1304
1297
1301
1308
1389
1306
1305
1300
1299
1303
1392
1302
1345
1305
1288
1243
1315
1304
1305
1294
1345
1134
2454
2564
2614
1410
1318
1334
1304
1310
1231
1316
1303
1304
1302
1299
1238
1316
1297
1309
1314
1305
1339
1310
1304
1306
1294
1291
1379
1315
1301
1303
1300
1318
1381
1294
1299
1300
1308
1305
1383
1295
1340
1296
1305
1301
1391
1297
1305
1299
1299
1304
1374
1307
1304
1313
1296
1290
1369
1305
1309
1301
1287
1292
1375
1298
1292
1282
1290
1300
1389
1291
1295
1304
1296
1295
1385
1294
1292
1298
1295
1283
1394
1298
1288
1294
1303
1290
1384
1293
1315
1289
1294
1286
1381
1328
1293
1287
1289
1280
1382
1296
1289
1293
1292
1292
1382
1292
1307
1294
1297
1283
1387
1307
1281
1287
1287
1284
1388
1294
1294
1290
1304
1382
1300
1295
1300
1294
1286
1320
1331
1291
1288
1297
1296
1247
1306
1290
1291
1297
1296
1209
1302
1287
1290
1291
1303
1258
1329
1294
1290
1293
1291
1253
1293
1288
1290
1291
1290
1221
1304
1280
1299
1297
1296
1206
1313
1291
1295
1294
1287
1218
1305
1287
1293
1305
1294
1231
1297
1309
1288
1289
1284
1207
1291
1298
1293
1296
1297
1222
1296
1296
1272
1292
1293
1218
1292
1293
1298
1302
1295
1232
1304
1290
1300
1297
1309
1239
1302
1297
1302
1293
1307
1378
1310
1322
1296
1305
1294
1405
1299
1301
1307
1267
1302
1393
1305
1305
1321
1299
1293
1394
1310
1303
1304
1298
1321
1381
1304
1298
1301
1313
1301
1382
1307
1309
1307
1298
1280
1354
1309
1298
1301
1298
1270
1303
1296
1299
1278
1302
1219
1303
1323
1299
1303
1298
1222
1315
1300
1295
1297
1300
1347
1309
1306
1306
1300
1297
1396
1302
1301
1311
1298
1302
1388
1322
1305
1294
1304
1299
1454
1302
1343
1308
1303
1306
1320
1304
1303
1309
1308
1302
1313
1305
1314
1312
1306
1326
1315
1313
1308
1298
1301
1367
1312
1309
1297
1306
1303
1300
1318
1306
1302
1307
1311
1299
1316
1300
1302
1299
1304
1303
1401
1324
1297
1312
1307
1303
1403
1310
1297
1306
1299
1395
1297
1313
1294
1337
1295
1406
1303
1333
1374
1296
1299
1404
1305
1296
1307
1318
1313
1315
1310
1299
1302
1298
1299
1306
1296
1300
1300
1300
1301
1307
1291
1302
1305
1299
1300
1310
1293
1306
1294
1300
1298
1302
1297
1287
1302
1293
1298
1292
1297
1290
1302
1292
1305
1292
1296
1291
1296
1295
1290
1295
1287
1303
1303
1292
1287
1292
1291
1301
1298
1304
1295
1292
1298
1289
1291
1301
1291
1294
1297
1290
1290
1293
1292
1294
1310
1297
1290
1289
1289
1296
1294
1295
1287
1293
1286
1290
1295
1291
1289
1280
1301
1299
1299
1293
1295
1288
1297
1288
1297
1288
1292
1292
1294
1302
1295
1291
1295
1292
1288
1293
1297
1292
1284
1292
1288
1295
1294
1296
1293
1293
1289
1302
1301
1282
1294
1287
1306
1298
1296
1281
1309
1300
1294
1301
1306
1301
1304
1296
1283
1306
1295
1300
1300
1295
1290
1297
1295
1297
1291
1296
1291
1290
1296
1295
1306
1290
1298
1289
1297
1294
1298
1290
1301
1292
1297
1296
1295
1296
1284
1288
1293
1307
1291
1292
1287
1294
1291
1299
1297
1292
1285
1295
1303
1290
1288
1291
1294
1283
1305
1293
1288
1289
1291
1278
1302
1291
1287
1294
1283
1285
1297
1292
1301
1289
1287
1290
1295
1286
1295
1290
1288
1299
1297
1287
1302
1293
1294
1286
1299
1285
1291
1290
1289
1283
1299
1287
1289
1291
1282
1289
1300
1291
1285
1288
1283
1284
1297
1293
1294
1298
1287
1289
1293
1290
1289
1294
1292
1289
1294
1293
1292
1292
1288
1286
1292
1294
1282
1289
1290
1292
1294
1303
1299
1298
1293
1298
1295
1297
1302
1300
1297
1295
1294
1293
1301
1296
1295
1305
1305
1304
1317
1304
1299
1303
1303
1301
1308
1300
1301
1306
1300
1298
1310
1304
1302
1307
1305
1303
1302
1297
1300
1312
1303
1302
1299
1305
1299
1302
1294
1302
1303
1300
1298
1297
1314
1298
1298
1305
1302
1302
1297
1296
1306
1301
1307
1298
1309
1294
1308
1304
1295
1304
1303
1301
1295
1310
1296
1298
1296
1303
1301
1310
1300
1305
1308
1295
1296
1303
1300
1293
1301
1301
1307
1296
1307
1300
1300
1299
1304
1298
1297
1292
1296
1291
1297
1291
1293
1296
1296
1284
1299
1293
1290
1289
1300
1290
1296
1289
1290
1295
1300
1286
1293
1285
1287
1288
1294
1292
1292
1290
1290
1292
1296
1292
1302
1286
1289
1288
1297
1294
1292
1307
1354
1291
1307
1288
1301
1289
1289
1285
1307
1295
1297
1292
1279
1275
1297
1301
1290
1280
1290
1288
1295
1292
1291
1294
1289
1294
1298
1293
1287
1285
1295
1292
1302
1291
1305
1300
1290
1293
1292
1287
1293
1290
1293
1289
1292
1297
1288
1286
1289
1289
1295
1299
1293
1300
1284
1293
1296
1290
1292
1290
1296
1297
1296
1294
1292
1287
1298
1287
1320
1300
1295
1292
1293
1302
1295
1290
1289
1293
1290
1291
1291
1289
1286
1288
1298
1291
1298
1292
1292
1289
1291
1285
1300
1288
1286
1294
1287
1292
1291
1297
1288
1292
1285
1293
1291
1291
1289
1296
1288
1282
1294
1291
1286
1286
1290
1286
1290
1285
1288
1283
1281
1287
1292
1294
1289
1288
1290
1288
1301
1286
1344
1280
1293
1284
1290
1297
1289
1293
1282
1291
1292
1290
1289
1287
1288
1286
1288
1291
1291
1291
1285
1289
1289
1296
1286
1287
1295
1286
1284
1293
1284
1285
1285
1292
1299
1292
1285
1291
1279
1293
1282
1302
1289
1295
1292
1282
1283
1297
1286
1296
1290
1286
1294
1301
1293
1280
1286
1288
1290
1290
1287
1280
1283
1286
1282
1299
1279
1297
1286
1277
1286
1302
1284
1288
1299
1287
1289
1300
1287
1288
1287
1279
1291
1293
1287
1283
1293
1286
1288
1294
1286
1296
1290
1286
1289
1299
1287
1283
1293
1290
1288
1304
1292
1281
1286
1288
1280
1303
1296
1295
1291
1286
1291
1304
1286
1288
1292
1294
1277
1296
1295
1294
1287
1286
1290
1294
1287
1288
1302
1295
1287
1302
1302
1296
1299
1295
1300
1296
1303
1284
1299
1292
1296
1300
1297
1292
1292
1284
1281
1290
1287
1296
1284
1293
1292
1297
1293
1289
1289
1290
1286
1294
1291
1287
1290
1289
1291
1301
1289
1289
1295
1277
1284
1291
1296
1288
1286
1294
1285
1297
1286
1291
1287
1292
1289
1296
1296
1288
1294
1287
1303
1293
1288
1290
1282
1289
1294
1287
1299
1292
1295
1290
1283
1291
1294
1295
1291
1287
1283
1292
1294
1294
1287
1281
1288
1294
1296
1286
1277
1292
1449
1304
1290
1282
1296
1292
1296
1291
1302
1290
1290
1290
1288
1285
1300
1300
1301
1293
1292
1291
1298
1291
1293
1286
1286
1296
1371
1298
1290
1292
1288
1296
1306
1293
1292
1295
1289
1291
1307
1294
1289
1290
1287
1291
1299
1289
1285
1289
1291
1297
1296
1298
1304
1292
1291
1291
1307
1294
1287
1286
1284
1288
1298
1289
1292
1281
1366
1299
1304
1291
1294
1291
1289
1290
1304
1292
1282
1291
1294
1291
1302
1291
1286
1294
1285
1296
1303
1294
1299
1297
1291
1285
1301
1288
1288
1287
1295
1292
1303
1291
1295
1289
1294
1285
1302
1294
1292
1288
1286
1295
1297
1299
1292
1289
1293
1290
1298
1294
1287
1290
1298
1281
1300
1293
1298
1294
1290
1286
1300
1291
1288
1282
1285
1285
1310
1299
1295
1291
1293
1295
1308
1289
1288
1299
1292
1287
1298
1294
1294
1291
1292
1290
1301
1289
1293
1297
1292
1284
1302
1289
1284
1291
1298
1287
1297
1291
1289
1287
1290
1283
1305
1294
1283
1287
1282
1295
1296
1287
1284
1286
1290
1291
1299
1298
1308
1290
1286
1314
1305
1288
1299
1295
1291
1293
1296
1296
1282
1299
1288
1289
1297
1298
1295
1277
1281
1289
1288
1294
1285
1290
1288
1279
1292
1300
1293
1291
1283
1297
1294
1289
1296
1300
1288
1284
1297
1287
1293
1288
1284
1282
1296
1299
1293
1288
1284
1291
1292
1296
1293
1282
1281
1285
1298
1298
1292
1293
1292
1288
1302
1286
1292
1294
1290
1294
1289
1260
1407
1297
1293
1298
1323
1651
1296
1302
1302
1301
1302
1303
1298
1299
1296
1298
1296
1305
1297
1292
1295
1295
1303
1306
1295
1299
1298
1293
1299
1301
1304
1295
1295
1305
1292
1297
1303
1300
1300
1305
1291
1294
1298
1307
1296
1301
1302
1302
1289
1294
1296
1293
1299
1298
1311
1297
1300
1302
1303
1300
1297
1294
1300
1355
1297
1295
1290
1301
1292
1303
1301
1294
1296
1292
1293
1303
1305
1303
1296
1294
1301
1295
1301
1298
1295
1298
1297
1292
1299
1296
1299
1299
1304
1293
1298
1300
1296
1308
1294
1300
1296
1304
1300
1297
1297
1297
1300
1304
1303
1305
1296
1295
1299
1298
1290
1289
1291
1287
1300
1297
1303
1289
1298
1291
1301
1299
1297
1305
1287
1286
1296
1300
1292
1296
1295
1304
1299
1297
1298
1293
1297
1296
1295
1289
1294
1286
1294
1291
1293
1300
1300
1299
1300
1300
1300
1298
1295
1300
1325
1299
1296
1299
1300
1302
1300
1302
1301
1288
1298
1299
1454
1299
1302
1296
1301
1301
1307
1298
1295
1303
1303
1295
1306
1297
1302
1297
1303
1300
1301
1299
1299
1292
1294
1306
1298
1299
1295
1307
1292
1297
1300
1312
1309
1297
1298
1299
1322
1300
1296
1291
1297
1298
1295
1307
1305
1299
1299
1302
1300
1300
1297
1296
1291
1292
1294
1301
1301
1312
1294
1297
1289
1298
1294
1299
1294
1290
1287
1290
1297
1290
1295
1299
1291
1290
1295
1304
1305
1301
1292
1292
1300
1293
1290
1289
1292
1279
1297
1290
1291
1289
1288
1286
1298
1292
1289
1294
1289
1294
1297
1299
1284
1281
1291
1291
1300
1296
1292
1294
1285
1290
1293
1296
1295
1293
1288
1284
1294
1298
1286
1290
1289
1287
1294
1295
1291
1290
1287
1290
1297
1293
1289
1290
1289
1289
1298
1295
1288
1295
1296
1286
1288
1293
1299
1296
1294
1367
1313
1301
1302
1304
1299
1307
1305
1298
1292
1301
1296
1296
1303
1298
1301
1297
1295
1292
1290
1291
1300
1297
1289
1285
1301
1299
1292
1288
1287
1290
1293
1294
1291
1304
1295
1294
1297
1296
1299
1291
1297
1294
1298
1301
1286
1284
1297
1300
1289
1300
1296
1292
1299
1299
1298
1299
1296
1309
1295
1297
1294
1299
1294
1300
1288
1299
1292
1295
1293
1292
1290
1300
1300
1299
1295
1288
1286
1295
1298
1300
1298
1293
1294
1297
1299
1298
1291
1301
1299
1288
1286
1295
1295
1288
1293
1289
1289
1291
1298
1301
1290
1294
1299
1304
1293
1291
1288
1277
1304
1304
1291
1294
1297
1287
1290
1299
1290
1293
1284
1290
1281
1301
1296
1298
1291
1294
1286
1301
1292
1293
1290
1290
1281
1296
1288
1289
1292
1282
1286
1301
1288
1298
1300
1282
1294
1293
1297
1295
1287
1295
1293
1302
1296
1292
1288
1301
1288
1305
1294
1298
1288
1287
1276
1294
1299
1289
1300
1289
1296
1298
1298
1293
1298
1284
1297
1299
1294
1284
1283
1293
1290
1301
1288
1290
1283
1284
1286
1300
1283
1283
1294
1289
1291
1293
1283
1300
1289
1293
1295
1298
1289
1292
1296
1290
1288
1304
1289
1298
1288
1287
1292
1305
1290
1295
1285
1291
1289
1299
1294
1296
1295
1298
1296
1297
1297
1296
1297
1296
1295
1294
1294
1287
1285
1290
1288
1294
1293
1296
1289
1301
1286
1306
1293
1292
1290
1285
1286
1302
1295
1293
1292
1288
1285
1299
1302
1284
1288
1294
1299
1295
1299
1297
1286
1291
1291
1301
1286
1290
1289
1288
1297
1298
1293
1303
1296
1296
1299
1303
1296
1288
1290
1280
1290
1293
1302
1297
1296
1286
1287
1293
1297
1290
1296
1289
1290
1305
1294
1289
1287
1297
1287
1297
1299
1294
1291
1294
1283
1298
1304
1289
1293
1279
1288
1296
1303
1293
1284
1290
1289
1283
1299
1289
1289
1296
1297
1295
1299
1292
1300
1293
1286
1290
1296
1290
1295
1298
1289
1300
1295
1305
1300
1283
1299
1297
1303
1290
1299
1298
1287
1289
1305
1290
1291
1289
1291
1290
1299
1299
1288
1291
1288
1290
1298
1288
1287
1292
1278
1299
1296
1284
1291
1288
1296
1290
1304
1297
1294
1292
1277
1295
1304
1294
1292
1281
1283
1286
1299
1295
1289
1298
1281
1285
1296
1292
1290
1292
1290
1309
1298
1286
1291
1292
1284
1294
1307
1292
1301
1301
1290
1294
1303
1294
1316
1301
1279
1306
1298
1294
1288
1302
1294
1307
1295
1296
1291
1328
1299
1302
1299
1286
1301
1281
1303
1292
1314
1289
1286
1289
1300
1286
1303
1293
1294
1278
1290
1290
1299
1297
1295
1282
1296
1302
1299
1296
1283
1296
1294
1297
1301
1290
1299
1287
1298
1301
1298
1292
1294
1284
1293
1298
1299
1297
1292
1291
1281
1287
1306
1297
1289
1290
1296
1298
1298
1297
1297
1293
1284
1292
1301
1285
1287
1301
1289
1288
1303
1304
1288
1293
1291
1292
1301
1295
1295
1291
1293
1283
1138
2318
2410
2445
2426
1766
1312
1305
1315
1294
1304
1299
1304
1304
1302
1301
1297
1304
1305
1304
1306
1300
1301
1296
1300
1305
1302
1307
1298
1305
1297
1303
1303
1300
1301
1299
1301
1294
1301
1293
1304
1292
1295
1299
1301
1300
1290
1302
1299
1297
1307
1303
1307
1298
1295
1291
1298
1300
1297
1300
1295
1308
1307
1300
1298
1297
1301
1303
1296
1298
1300
1290
1300
1301
1296
1297
1304
1298
1303
1298
1296
1294
1293
1297
1286
1294
1298
1303
1293
1294
1294
1299
1301
1297
1297
1289
1304
1290
1298
1297
1301
1297
1301
1292
1300
1299
1290
1286
1293
1287
1296
1292
1288
1281
1282
1290
1293
1301
1292
1304
1294
1302
1284
1307
1290
1302
1291
1293
1292
1299
1292
1290
1296
1296
1287
1306
1297
1290
1292
1289
1289
1298
1283
1289
1287
1289
1290
1296
1289
1287
1289
1291
1287
1294
1293
1293
1286
1286
1286
1297
1292
1291
1290
1288
1291
1300
1300
1301
1290
1289
1287
1301
1292
1290
1302
1298
1285
1294
1286
1293
1295
1291
1285
1300
1290
1294
1292
1291
1282
1303
1288
1304
1294
1288
1284
1298
1297
1291
1288
1280
1290
1302
1300
1293
1299
1292
1293
1305
1303
1296
1292
1297
1289
1301
1305
1299
1293
1298
1284
1298
1294
1292
1289
1288
1290
1297
1289
1298
1294
1295
1284
1300
1297
1296
1285
1287
1289
1303
1295
1298
1293
1291
1291
1298
1295
1309
1296
1298
1304
1291
1299
1301
1292
1287
1290
1299
1294
1291
1292
1285
1299
1305
1294
1300
1300
1295
1293
1300
1302
1303
1301
1296
1293
1306
1298
1298
1296
1294
1296
1298
1295
1294
1297
1291
1291
1299
1293
1285
1289
1295
1291
1303
1291
1292
1285
1299
1284
1303
1292
1293
1289
1297
1287
1298
1302
1292
1293
1287
1288
1300
1302
1286
1285
1291
1303
1301
1297
1290
1291
1292
1294
1302
1299
1290
1288
1287
1293
1298
1294
1296
1288
1290
1287
1298
1293
1291
1286
1279
1291
1291
1300
1292
1299
1288
1293
1289
1305
1287
1294
1285
1289
1291
1286
1296
1285
1290
1289
1300
1287
1288
1290
1293
1281
1297
1282
1291
1289
1297
1288
1284
1300
1292
1280
1292
1282
1293
1297
1294
1294
1283
1285
1291
1286
1288
1285
1294
1284
1287
1294
1289
1285
1283
1288
1282
1294
1296
1292
1286
1280
1282
1298
1300
1297
1291
1282
1288
1285
1285
1286
1289
1289
1284
1289
1291
1286
1288
1293
1279
1291
1293
1294
1290
1282
1294
1290
1286
1288
1288
1288
1286
1289
1282
1299
1297
1293
1284
1289
1295
1292
1302
1293
1296
1302
1298
1293
1301
1281
1295
1291
1293
1288
1302
1298
1292
1295
1294
1295
1297
1298
1290
1298
1292
1296
1293
1284
1289
1301
1293
1288
1290
1294
1286
1305
1296
1291
1290
1304
1299
1300
1301
1300
1295
1291
1282
1299
1295
1292
1296
1299
1284
1299
1292
1291
1297
1298
1289
1296
1293
1287
1295
1286
1303
1302
1295
1292
1292
1279
1307
1300
1293
1303
1294
1290
1291
1301
1288
1291
1282
1296
1285
1308
1292
1290
1288
1297
1283
1306
1288
1295
1289
1286
1282
1295
1296
1286
1288
1283
1284
1290
1293
1284
1296
1294
1284
1300
1291
1297
1289
1290
1287
1299
1289
1290
1287
1287
1307
1293
1297
1282
1291
1296
1299
1289
1301
1286
1292
1299
1291
1298
1300
1289
1282
1289
1283
1288
1289
1296
1285
1294
1294
1294
1298
1296
1294
1288
1286
1310
1297
1284
1291
1279
1292
1288
1300
1287
1293
1299
1289
1283
1295
1305
1294
1290
1281
1288
1293
1294
1292
1283
1291
1282
1300
1296
1288
1297
1285
1293
1293
1286
1285
1286
1283
1286
1295
1287
1282
1291
1302
1302
1294
1302
1294
1282
1292
1281
1297
1298
1290
1280
1280
1296
1295
1289
1292
1290
1284
1284
1300
1293
1297
1295
1295
1290
1295
1285
1289
1283
1289
1283
1304
1295
1294
1289
1288
1282
1300
1286
1283
1292
1283
1290
1295
1290
1281
1298
1282
1281
1292
1287
1290
1287
1285
1292
1301
1287
1289
1284
1292
1289
1297
1288
1283
1280
1280
1287
1299
1288
1288
1284
1283
1286
1299
1285
1291
1279
1288
1289
1303
1291
1286
1289
1300
1287
1294
1297
1289
1291
1290
1284
1302
1289
1286
1291
1281
1289
1303
1292
1289
1292
1280
1285
1300
1293
1283
1282
1279
1290
1297
1292
1290
1304
1289
1289
1300
1284
1292
1289
1289
1288
1282
1290
1291
1294
1281
1285
1297
1291
1288
1295
1292
1286
1289
1294
1294
1289
1285
1288
1294
1295
1296
1283
1293
1293
1290
1293
1292
1289
1284
1295
1295
1304
1292
1303
1296
1299
1303
1301
1299
1303
1302
1287
1304
1297
1294
1287
1298
1296
1296
1306
1299
1300
1295
1285
1291
1304
1299
1298
1291
1288
1292
1299
1291
1284
1287
1287
1293
1302
1292
1292
1287
1289
1290
1294
1288
1288
1287
1287
1297
1294
1296
1288
1295
1286
1299
1300
1284
1295
1284
1289
1291
1300
1295
1286
1289
1291
1285
1316
1291
1289
1295
1280
1291
1298
1289
1287
1288
1297
1291
1301
1288
1289
1285
1290
1291
1304
1292
1288
1285
1287
1278
1299
1288
1295
1285
1290
1290
1303
1291
1294
1293
1287
1284
1297
1295
1288
1280
1292
1283
1301
1288
1284
1281
1287
1292
1298
1296
1294
1286
1287
1286
1304
1285
1289
1285
1290
1283
1301
1290
1292
1289
1285
1279
1292
1293
1282
1299
1292
1282
1298
1290
1287
1294
1285
1290
1301
1294
1287
1284
1286
1292
1299
1288
1289
1290
1290
1289
1303
1288
1283
1287
1281
1292
1296
1294
1291
1281
1284
1286
1291
1295
1284
1290
1286
1284
1303
1287
1291
1278
1285
1284
1298
1291
1293
1283
1292
1286
1302
1285
1292
1297
1290
1291
1298
1299
1295
1301
1286
1289
1296
1298
1292
1291
1292
1295
1301
1293
1301
1294
1294
1286
1296
1300
1301
1287
1288
1280
1304
1286
1294
1288
1284
1299
1298
1292
1287
1292
1287
1291
1291
1302
1290
1296
1291
1277
1297
1298
1293
1284
1293
1289
1304
1295
1293
1283
1290
1298
1297
1297
1301
1302
1288
1282
1289
1302
1291
1292
1294
1297
1289
1297
1291
1283
1288
1291
1301
1297
1286
1287
1285
1286
1293
1294
1296
1294
1285
1280
1295
1296
1293
1282
1285
1290
1297
1302
1296
1287
1283
1302
1290
1301
1299
1287
1287
1282
1286
1292
1289
1280
1286
1280
1295
1296
1293
1292
1286
1294
1289
1300
1288
1291
1287
1294
1302
1299
1292
1287
1283
1295
1285
1296
1284
1286
1286
1275
1290
1291
1286
1286
1288
1289
1291
1295
1290
1292
1283
1291
1280
1303
1293
1293
1287
1288
1287
1305
1293
1288
1295
1289
1284
1308
1284
1294
1285
1283
1298
1299
1304
1291
1294
1288
1291
1301
1291
1296
1296
1290
1289
1303
1292
1288
1287
1283
1282
1303
1289
1287
1283
1289
1282
1301
1291
1298
1290
1286
1296
1300
1300
1289
1282
1288
1288
1296
1302
1296
1286
1290
1296
1302
1286
1294
1293
1286
1291
1301
1291
1298
1292
1280
1291
1301
1303
1302
1290
1287
1289
1305
1297
1286
1298
1283
1283
1298
1302
1288
1290
1293
1289
1303
1294
1296
1286
1293
1286
1305
1286
1289
1281
1289
1287
1306
1284
1286
1288
1282
1286
1294
1298
1290
1286
1288
1286
1295
1291
1290
1284
1290
1284
1298
1290
1286
1285
1294
1293
1295
1289
1289
1278
1292
1312
1300
1301
1293
1291
1294
1292
1291
1293
1288
1294
1285
1291
1296
1302
1298
1295
1296
1284
1298
1290
1286
1287
1288
1283
1300
1293
1281
1287
1282
1290
1295
1295
1287
1288
1287
1290
1293
1296
1286
1288
1289
1291
1285
1294
1285
1295
1293
1285
1301
1293
1294
1285
1286
1288
1298
1304
1297
1281
1286
1288
1292
1293
1299
1291
1293
1288
1286
1295
1299
1291
1288
1302
1295
1300
1300
1298
1295
1289
1305
1294
1305
1288
1302
1292
1297
1294
1292
1290
1290
1293
1284
1305
1288
1284
1296
1309
1291
1297
1288
1291
1287
1291
1292
1300
1293
1297
1290
1281
1288
1300
1296
1294
1281
1282
1293
1297
1294
1278
1292
1285
1290
1297
1291
1285
1285
1285
1284
1301
1288
1295
1290
1289
1291
1301
1290
1291
1287
1288
1286
1303
1296
1285
1288
1294
1289
1300
1289
1284
1294
1297
1283
1299
1291
1291
1285
1282
1287
1312
1278
1292
1287
1286
1278
1296
1293
1287
1285
1278
1287
1302
1304
1290
1288
1282
1284
1297
1294
1286
1285
1291
1271
1295
1295
1287
1277
1288
1286
1297
1296
1289
1284
1284
1287
1292
1287
1290
1285
1284
1301
1300
1298
1283
1285
1282
1286
1296
1298
1291
1280
1281
1284
1289
1286
1287
1286
1289
1288
1296
1294
1292
1284
1281
1286
1290
1297
1295
1286
1285
1294
1287
1293
1290
1284
1279
1285
1296
1298
1292
1281
1290
1289
1293
1297
1292
1291
1285
1280
1295
1293
1285
1291
1287
1290
1288
1298
1279
1295
1291
1294
1286
1294
1296
1298
1292
1294
1288
1293
1295
1290
1287
1288
1293
1298
1291
1285
1286
1287
1293
1303
1293
1282
1285
1287
1284
1301
1285
1280
1283
1287
1287
1299
1291
1288
1279
1286
1284
1299
1285
1290
1284
1293
1285
1293
1294
1289
1286
1285
1283
1297
1296
1298
1286
1281
1284
1302
1294
1304
1280
1291
1288
1298
1288
1296
1288
1285
1284
1306
1291
1281
1283
1290
1285
1296
1289
1291
1290
1277
1280
1298
1281
1293
1281
1290
1286
1301
1292
1295
1288
1294
1281
1297
1292
1293
1290
1293
1288
1298
1298
1286
1298
1294
1300
1297
1290
1285
1289
1291
1290
1297
1288
1300
1291
1288
1282
1294
1293
1286
1298
1294
1299
1306
1288
1292
1290
1294
1288
1298
1293
1284
1290
1289
1291
1295
1292
1285
1283
1290
1289
1293
1283
1291
1283
1285
1288
1293
1289
1289
1282
1289
1284
1303
1292
1295
1290
1281
1288
1292
1295
1286
1291
1296
1294
1298
1300
1291
1288
1281
1289
1294
1293
1292
1290
1286
1297
1295
1299
1284
1289
1295
1288
1297
1294
1296
1286
1290
1281
1292
1304
1293
1293
1287
1284
1292
1304
1291
1292
1289
1288
1289
1292
1300
1295
1286
1292
1304
1301
1295
1288
1286
1294
1294
1287
1290
1295
1287
1286
1294
1287
1292
1287
1281
1292
1291
1303
1280
1293
1291
1289
1288
1297
1294
1291
1284
1317
1305
1302
1304
1301
1291
1286
1300
1298
1287
1301
1296
1294
1291
1307
1286
1288
1290
1283
1287
1303
1295
1292
1289
1286
1301
1301
1298
1285
1290
1286
1292
1303
1293
1294
1293
1283
1284
1298
1289
1289
1297
1298
1304
1303
1297
1291
1296
1286
1290
1299
1294
1289
1291
1282
1279
1295
1305
1320
1315
1308
1309
1309
1303
1306
1299
1303
1314
1318
1311
1304
1308
1300
1297
1298
1311
1325
1850
2060
2284
2294
1825
1347
1325
1299
1298
1306
1306
1653
2326
2323
2312
2385
1312
1303
1316
1157
2343
2531
1334
1309
1339
1379
1344
1349
1802
2204
2339
1602
1304
1495
1339
1319
1310
1303
1306
1880
1502
1318
1302
1178
1371
1327
1323
1311
1307
1313
1405
1935
1302
1305
1300
1517
1298
1355
1299
1328
1301
1794
1678
1316
1302
1327
1268
2444
1344
1437
1075
2013
1586
1387
1398
1143
2285
2285
1313
1309
1300
1786
1594
1305
1294
1300
1465
1333
1632
1303
1309
1306
1823
2278
1456
1418
1424
2167
1386
1339
1333
1551
2363
2331
2361
1482
1977
1340
1335
1341
1384
2444
2321
2330
1340
1502
2501
1388
1877
1344
1360
1798
1343
1503
1626
1946
2562
2578
2402
2474
2632
2162
2615
1524
1254
2360
2332
1400
1315
1773
2354
1431
1311
1374
2354
1593
1316
1311
1246
2360
2246
1310
1303
1986
2345
1318
1311
1311
1833
2369
1326
1318
1791
2575
1318
1305
1317
1332
2362
1771
1310
1732
2392
1327
1326
1314
1629
2353
2237
1329
1168
2019
1327
1310
1311
1311
1551
2510
1324
1312
1275
1424
1315
1311
1318
1314
1476
1314
1307
1304
1304
1303
1469
1310
1308
1302
1306
1299
1532
2328
2377
1391
1881
1368
1350
1341
1344
1932
1315
1315
1312
1305
1305
1691
1617
1313
1303
1311
1310
1998
2339
1845
1307
1147
2339
1655
1304
1314
2221
1655
1339
1345
1708
2477
1291
1370
1544
1815
2404
1994
1366
1192
2460
1369
1311
1314
1311
2151
2339
2340
1519
1313
1315
1318
1314
1317
1379
2352
1413
1316
1313
1411
2349
1545
1311
1204
1315
1312
1313
1313
1320
1312
2206
1454
1309
1313
1475
1318
1305
1306
1305
1308
1471
1305
1311
1308
1302
1305
1455
1307
1305
1301
1301
1140
1307
1303
1311
1307
1304
1310
2174
2459
1312
1309
1468
1309
1311
1304
1305
1318
1466
1312
1305
1310
1308
1310
1465
1304
1309
1299
1307
1309
1467
1306
1311
1310
1300
1266
1311
1301
1314
1307
1305
1149
1315
1308
1307
1305
1311
1212
1367
1309
1302
1307
1306
1502
1318
1330
1309
1312
1231
1806
1305
1308
1310
1304
1316
1307
1305
1309
1305
1306
1300
1306
1307
1308
1306
1301
1304
1303
1307
1304
1308
1305
1309
1307
1303
1304
1316
1302
1304
1302
1308
1305
1304
1302
1307
1904
1307
1311
1305
1306
1300
1300
1304
1304
1319
1314
1301
1309
1310
1305
1309
1310
1307
1312
1305
1312
1304
1306
1308
1304
1309
1305
1312
1303
1307
1311
1311
1307
1305
1272
2319
1355
1308
1301
1309
1300
1310
1308
1308
1305
1303
2051
2287
1328
1311
1305
1305
1311
1306
1302
1304
1308
1306
1304
1308
1304
1311
1308
1307
1311
1313
1313
1307
1308
1309
1307
1310
1305
1308
1302
1306
1306
1305
1305
1307
1306
1300
1310
1303
1304
1302
1304
1299
1305
1301
1305
1296
1297
1311
1306
1310
1292
1316
1334
1431
1304
1304
1304
1309
1304
1305
1292
1307
1303
1302
1305
1300
1307
1312
1307
1299
1300
1323
1311
1299
1301
1309
1316
1318
1311
1303
1309
1299
1307
1307
1325
1311
1305
1296
1303
1299
1307
1308
1304
1302
1303
1304
1316
1303
1294
1308
1300
1303
1306
1301
1308
1308
1305
1292
1308
1299
1307
1298
1306
1304
1306
1316
1316
1305
1319
1298
1286
1313
1302
1239
1687
1301
1299
1315
1311
1303
1299
1296
1297
1311
1301
1305
1298
1309
1295
1317
1305
1293
1298
1303
1299
1319
1310
1298
1305
1300
1300
1315
1307
1536
2283
2287
2277
1926
1309
1303
1307
1319
1307
1302
1311
1297
1295
1308
1308
1305
1303
1304
1300
1324
1303
1307
1301
1301
1301
1317
1295
1305
1312
1310
1303
1311
1300
1305
1311
1301
1304
1318
1306
1299
1309
1305
1306
1295
1304
1305
1302
1302
1303
1321
1308
1297
1290
1300
1295
1305
1361
1308
1303
1297
1306
1307
1308
1298
1308
1309
1300
1299
1302
1302
1304
1301
1305
1308
1314
1300
1302
1306
1301
1219
1308
1308
1302
1300
1309
1297
1305
1301
1301
1304
1303
1292
1311
1310
1300
1302
1296
1304
1302
1302
1302
1304
1301
1352
2291
1478
1299
1310
1306
1301
1306
1306
1304
1308
1313
1306
1296
1306
1306
1312
1310
1308
1303
1302
1307
1306
1308
1295
1308
1303
1304
1298
1305
1307
1307
1296
1301
1305
1370
1305
1300
1302
1300
1303
1401
1313
1320
1304
1303
1271
1497
1308
1293
1298
1299
1256
1304
1305
1304
1306
1303
1359
1306
1295
1302
1301
1298
1287
1342
1304
1305
1302
1301
1364
1302
1304
1305
1308
1305
1365
1296
1304
1303
1302
1302
1364
1306
1306
1293
1300
1299
1380
1298
1301
1302
1307
1308
1369
1305
1298
1305
1300
1306
1257
1418
1304
1298
1296
1303
1362
1312
1305
1303
1306
1302
1362
1301
1295
1301
1303
1300
1359
1303
1312
1308
1306
1298
1369
1304
1302
1307
1307
1308
1369
1298
1294
1299
1302
1278
1345
1310
1307
1297
1300
1303
1371
1302
1303
1300
1301
1306
1308
1303
1296
1298
1304
1305
1302
1310
1303
1298
1298
1307
1299
1312
1305
1302
1309
1297
1304
1293
1299
1302
1293
1291
1294
1291
1302
1305
1291
1292
1290
1288
1298
1295
1297
1285
1290
1286
1299
1294
1297
1294
1597
2408
1310
1305
1300
1301
1304
1308
1306
1307
1306
1308
1309
1308
1294
1298
1300
1297
1300
1301
1304
1300
1337
2048
2146
1841
1288
1296
1289
1304
1302
1302
1295
1295
1299
1291
1298
1305
1304
1294
1305
1299
1299
1295
1305
1408
1303
1327
1306
1331
1342
1799
1296
1301
1300
1305
1294
1300
1302
1302
1298
1307
1105
2362
2233
1307
1315
1375
1315
1300
1309
1299
1305
1368
1306
1301
1313
1302
1306
1300
1298
1295
1304
1307
1300
1301
1302
1304
1299
1305
1298
1906
2365
1311
1307
1301
1310
1302
1297
1307
1303
1300
1303
1306
1300
1308
1302
1306
1304
1314
1304
1307
1306
1309
1298
1300
1307
1297
1303
1303
1310
1308
1304
1300
1307
1296
1307
1310
1300
1301
1308
1300
1289
1302
1297
1307
1298
1296
1292
1300
1298
1299
1299
1299
1303
1307
1303
1297
1296
1295
1310
1298
1307
1303
1302
1300
1305
1307
1301
1301
1300
1300
1294
1306
1298
1302
1289
1292
1288
1304
1297
1301
1292
1297
1291
1299
1303
1300
1297
1294
1291
1297
1307
1304
1301
1289
1292
1290
1309
1299
1291
1293
1295
1300
1304
1294
1297
1291
1295
1291
1308
1299
1290
1290
1289
1294
1298
1289
1294
1292
1291
1292
1293
1299
1289
1286
1287
1298
1300
1296
1295
1295
1292
1295
1293
1300
1291
1292
1286
1283
1302
1301
1287
1288
1284
1292
1300
1302
1292
1292
1298
1291
1303
1292
1290
1197
2302
2279
1304
1303
1298
1298
1308
1295
1298
1307
1301
1297
1310
1295
1296
1293
1295
1295
1298
1295
1295
1294
1297
1294
1299
1305
1290
1303
1289
1293
1296
1301
1294
1294
1290
1292
1291
1301
1297
1298
1288
1293
1292
1297
1292
1294
1294
1292
1302
1301
1288
1297
1292
1292
1300
1297
1300
1285
1288
1285
1299
1302
1296
1291
1300
1300
1291
1299
1287
1300
1293
1295
1303
1294
1290
1284
1295
1295
1297
1295
1288
1297
1302
1293
1294
1301
1298
1300
1289
1303
1294
1300
1301
1289
1291
1304
1290
1301
1284
1297
1288
1294
1297
1296
1295
1291
1301
1294
1294
1301
1298
1290
1289
1295
1306
1302
1302
1296
1296
1299
1291
1299
1297
1293
1286
1296
1294
1298
1294
1293
1300
1298
1296
1297
1300
1302
1288
1302
1303
1299
1300
1297
1300
1300
1307
1304
1301
1297
1299
1297
1297
1296
1287
1299
1287
1303
1293
1302
1292
1297
1292
1292
1290
1298
1294
1291
1297
1288
1309
1296
1301
1305
1312
1295
1301
1292
1296
1293
1289
1294
1287
1298
1298
1297
1297
1296
1292
1296
1298
1298
1294
1301
1297
1307
1296
1306
1308
1298
1298
1299
1305
1295
1297
1292
1295
1290
1302
1290
1293
1289
1294
1297
1289
1304
1294
1304
1282
1308
1294
1305
1303
1302
1295
1298
1302
1304
1302
1301
1296
1303
1305
1301
1308
1301
1303
1302
1300
1304
1305
1359
1300
1298
1295
1297
1357
1305
1301
1307
1298
1304
1242
1296
1308
1296
1298
1308
1362
1308
