2557
2628
2504
2517
2639
2396
3714
2983
2318
4160
2587
2643
2060
1415
1278
1280
1272
1278
1287
1289
1289
1290
1283
1293
1291
1288
1334
1312
1296
1635
1422
1300
1295
1279
1473
1287
1334
1290
1284
1290
1296
1292
1320
1293
1297
1290
1292
1297
1320
1292
1295
1303
1292
1220
1411
1294
1289
1348
1304
1333
1292
1295
1296
1294
1292
1278
1299
1298
1294
1287
1291
1267
1299
1292
1298
1288
1311
1894
1694
1296
1348
1289
1290
1299
1302
1293
1295
1299
1291
1289
1297
1288
1293
1298
1290
1289
1289
1292
1292
1294
1297
1297
1290
1298
1296
1295
1297
1293
1290
1291
1290
1371
1297
1302
1291
1302
1295
1292
1302
1289
1291
1304
1293
1309
1299
1292
1298
1289
1291
1322
1294
1294
1308
1295
1378
1296
1302
1309
1297
1290
1299
1296
1308
1295
1289
1296
1299
1294
1297
1299
1300
1299
1291
1290
1296
1303
1299
1301
1309
1301
1305
1328
1291
1188
1741
1302
1356
1299
1295
1303
1291
1299
1320
1300
1295
1304
1295
1360
1318
1337
1298
1302
1298
1305
1319
1316
1301
1293
1268
1526
1646
1300
1389
1842
1297
1301
1304
1302
1295
2240
2028
1298
1297
1303
1301
1305
1299
1300
1299
1299
1299
1300
1298
1301
1297
1599
2294
1393
1293
1299
1296
1304
1300
1299
1294
1297
1299
1294
1296
1296
1298
1304
1298
1299
1295
1293
1296
1303
1294
1302
1303
1302
1301
1301
1301
1294
1299
1297
1293
1306
1301
1299
1287
1299
1298
1297
1299
1300
1303
1295
1301
1298
1298
1297
1296
1295
1292
1298
1301
1295
1300
1301
1304
1295
1296
1295
1296
1295
1295
1300
1292
1289
1296
1296
1293
1289
1286
1795
1352
1412
1303
1301
1304
1295
1301
1301
1321
1308
1298
1299
1297
1297
1300
1297
1658
1295
1293
1296
1292
1296
1293
1295
1293
1292
1297
1299
1304
1289
1293
1290
1295
1293
1295
1294
1295
1289
1291
1292
1293
1288
1290
1294
1291
1293
1292
1298
1293
1302
1293
1321
1290
1300
1344
1293
1384
2284
2311
1384
1302
1289
1296
1295
1298
1291
1298
1301
1295
1301
1293
1298
1294
1295
1293
1295
1292
1294
1296
1294
1296
1295
1295
1287
1297
1301
1298
1293
1298
1413
1305
1295
1338
1365
1406
1366
1372
1361
1373
1469
1368
1363
1371
1368
1365
1474
1543
1364
1368
1416
1372
1456
1372
1407
1316
1119
2289
1531
1327
1343
1328
1324
1335
1354
1334
2306
2290
2310
1847
1457
1378
1314
1299
1715
2342
1334
1301
1424
2426
1322
1310
1291
1309
1298
1309
1290
1307
1298
1301
1305
1301
1294
1289
1298
1290
1295
1293
1295
1290
1300
1298
1298
1297
1294
1298
1298
1293
1292
1294
1298
1295
1294
1298
1296
1298
1294
1299
1296
1297
1288
1297
1301
1290
1300
1302
1301
1290
1301
1319
1314
1328
1371
1216
2078
2333
2303
2360
2337
2346
2362
2377
1355
1263
1306
2019
2457
1897
1884
1876
1312
1324
1333
1383
1866
1380
1297
1298
1295
1321
1302
1310
1297
1298
1305
1302
1299
1299
1304
1298
1299
1307
1298
1296
1295
1297
1301
1296
1295
1295
1299
1300
1299
1296
1298
1300
1301
1299
1303
1302
1296
1295
1297
1304
1296
1298
1302
1303
1294
1299
1310
1291
1296
1297
1297
1299
1301
1294
1291
1298
1302
1292
1306
1295
1300
1291
1300
1298
1294
1299
1303
1301
1293
1295
1297
1294
1299
1295
1298
1308
1299
1300
1302
1294
1292
1297
1294
1300
1294
1298
1298
1296
1305
1298
1296
1301
1297
1324
1304
1290
1307
1298
1306
1298
1311
1298
1294
1298
1295
1298
1294
1293
1299
1305
1295
1294
1297
1303
1295
1299
1291
1296
1293
1296
1295
1295
1299
1303
1297
1299
1302
1296
1290
1291
1295
1301
1298
1295
1295
1289
1295
1273
1303
1302
1294
1298
1292
1293
1298
1305
1298
1301
1296
1298
1295
1294
1297
1302
1299
1293
1303
1299
1298
1296
1295
1299
1296
1339
1307
1303
1296
1294
1299
1301
1265
1302
1299
1301
1302
1298
1292
1297
1832
2303
1366
1298
1232
2339
2214
1309
1300
1287
2372
2335
1888
1314
1528
2328
2551
1308
1222
2322
1780
1315
1302
1315
1307
1415
1310
1286
2327
2021
1309
1305
1525
2317
1372
1310
1161
2320
1958
1310
1311
1191
2318
1721
1308
1308
1700
2384
1308
1306
1303
1798
2516
1313
1309
1304
2187
2236
1309
1309
1087
2341
1737
1315
1306
1434
2337
1439
1323
1303
1582
2378
1319
1307
1305
1914
2282
1302
1311
1306
2346
1804
1311
1314
1246
2337
1752
1308
1317
1312
1942
2352
2552
1313
2037
2119
1322
1313
1736
2473
1582
1333
1308
1618
2479
1319
1320
1314
1855
2483
1308
1319
1403
2348
1325
1313
1320
1591
2541
1319
1309
1308
1821
2392
1315
1323
1315
1986
2262
1324
1310
1310
2306
1888
1314
1308
1125
2333
1643
1317
1311
1354
1487
2291
1315
1294
1304
1048
2431
1319
1315
1998
2439
1433
1320
1338
2118
2445
1324
1316
1081
2344
1703
1314
1318
1663
2552
1415
1332
1317
2085
2117
1393
1312
1317
1750
2423
1355
1314
1234
2326
1667
1331
1309
1466
2335
1456
1316
1319
1543
2470
1420
1315
1330
1735
2444
1413
1313
1316
2188
2069
1321
1316
1192
2330
1618
1320
1313
1657
2533
1418
1305
1316
1494
1325
1311
1401
1305
1151
1311
1312
1391
1316
1318
1144
1315
1314
1401
1310
1301
1484
1308
1307
1388
1306
1308
1511
1314
1310
1361
1352
1206
1389
1308
1401
1331
1304
1798
1321
1315
1400
1307
1308
1472
1311
1302
1397
1305
1307
1447
1296
1301
1359
1311
1158
1308
1303
1393
1298
1307
1302
1476
1307
1392
1316
1316
1452
1313
1288
1390
1303
1302
1442
1301
1302
1394
1305
1309
1452
1294
1380
1296
1303
1300
1452
1299
1305
1304
1312
1452
1320
1299
1384
1312
1291
1172
1317
1307
1382
1301
1313
1465
1310
1318
1398
1301
1294
1502
1292
1238
1340
1307
1482
1308
1302
1299
1413
1310
1307
1478
1313
1402
1326
1311
1790
1307
1301
1397
1301
1318
1306
1307
1258
1339
1301
1303
1300
1307
1374
1300
1302
1291
1311
1300
1384
1298
1316
1297
1302
1308
1380
1297
1299
1301
1297
1310
1384
1301
1303
1316
1296
1298
1379
1299
1299
1304
1302
1303
1385
1299
1299
1301
1280
1301
1379
1301
1294
1302
1349
1294
1381
1317
1307
1293
1306
1295
1398
1298
1306
1300
1296
1292
1384
1295
1300
1318
1302
1300
1382
1312
1293
1299
1304
1301
1381
1300
1301
1295
1314
1300
1377
1301
1312
1299
1301
1308
1376
1322
1298
1301
1303
1309
1380
1297
1290
1309
1295
1297
1379
1303
1302
1294
1298
1301
1395
1302
1291
1295
1284
1250
1329
1300
1297
1293
1289
1246
1315
1308
1293
1294
1290
1234
1349
1292
1301
1293
1290
1378
1303
1297
1289
1302
1294
1383
1305
1308
1297
1354
1298
1386
1304
1295
1304
1295
1307
1373
1300
1302
1315
1297
1299
1404
1292
1303
1298
1374
2315
2301
1776
1318
1311
1382
1310
1287
1308
1298
1225
1322
1314
1300
1303
1295
1224
1302
1306
1308
1307
1298
1361
1306
1296
1310
1292
1299
1383
1291
1294
1296
1294
1290
1371
1300
1295
1298
1285
1299
1371
1303
1294
1304
1290
1289
1378
1288
1295
1292
1291
1297
1396
1295
1300
1294
1309
1294
1381
1304
1292
1321
1290
1288
1372
1315
1299
1290
1291
1302
1370
1302
1294
1289
1293
1293
1376
1298
1315
1299
1298
1292
1364
1293
1301
1090
2454
1422
1293
1301
1290
1297
1293
1377
1304
1310
1302
1299
1294
1380
1300
1297
1303
1293
1308
1378
1298
1303
1310
1299
1299
1382
1300
1300
1295
1288
1285
1865
1305
1289
1291
1300
1378
1302
1288
1297
1300
1301
1370
1305
1311
1299
1303
1299
1389
1306
1302
1299
1353
1296
1384
1296
1301
1311
1301
1297
1379
1325
1299
1301
1312
1228
1309
1299
1295
1300
1311
1224
1294
1299
1295
1296
1304
1216
1300
1303
1294
1299
1294
1236
1301
1300
1291
1297
1299
1212
1304
1292
1295
1298
1296
1655
1296
1298
1299
1296
1306
1294
1299
1297
1297
1298
1293
1291
1299
1295
1298
1298
1290
1291
1310
1296
1306
1298
1303
1303
1297
1302
1298
1299
1297
1302
1294
1295
1301
1301
1301
1301
1301
1296
1295
1303
1305
1303
1302
1295
1304
1300
1305
1301
1296
1304
1300
1301
1300
1301
1297
1299
1297
1299
1300
1302
1297
1300
1303
1298
1301
1294
1292
1296
1302
1296
1306
1298
1301
1297
1300
1301
1301
1298
1301
1301
1293
1298
1294
1302
1302
1297
1300
1293
1299
1299
1300
1304
1304
1296
1300
1301
1302
1287
1301
1290
1304
1294
1297
1302
1300
1292
1301
1300
1307
1295
1292
1288
1301
1300
1293
1300
1294
1299
1297
1303
1292
1301
1293
1299
1294
1298
1297
1295
1299
1286
1296
1302
1296
1299
1300
1294
1301
1290
1302
1305
1297
1301
1291
1298
1302
1306
1288
1294
1298
1297
1298
1300
1303
1292
1305
1293
1304
1293
1298
1295
1296
1296
1299
1292
1300
1292
1291
1299
1302
1298
1291
1291
1307
1299
1305
1298
1294
1291
1295
1300
1302
1305
1293
1301
1300
1303
1297
1298
1301
1294
1296
1302
1303
1293
1299
1307
1301
1287
1300
1301
1300
1299
1296
1296
1303
1301
1313
1301
1296
1299
1302
1297
1296
1286
1297
1299
1295
1300
1299
1299
1296
1302
1296
1295
1294
1301
1290
1293
1302
1294
1301
1305
1300
1298
1304
1292
1295
1301
1292
1294
1294
1298
1297
1300
1285
1298
1302
1299
1295
1303
1296
1291
1299
1299
1295
1302
1294
1298
1292
1293
1293
1298
1291
1304
1295
1285
1288
1298
1293
1299
1302
1297
1296
1297
1291
1299
1295
1292
1293
1295
1296
1298
1301
1299
1295
1292
1291
1301
1298
1293
1290
1294
1296
1298
1301
1289
1297
1291
1298
1291
1297
1296
1296
1296
1301
1300
1299
1299
1289
1294
1294
1288
1293
1302
1298
1297
1294
1304
1297
1298
1300
1296
1294
1296
1306
1295
1302
1289
1298
1298
1298
1300
1292
1305
1297
1298
1288
1298
1289
1296
1282
1296
1294
1296
1286
1288
1299
1301
1302
1293
1290
1290
1296
1298
1304
1299
1296
1296
1296
1297
1300
1296
1292
1294
1298
1301
1298
1297
1294
1293
1285
1301
1293
1301
1295
1299
1291
1294
1293
1298
1290
1298
1291
1298
1291
1289
1299
1295
1287
1302
1308
1302
1305
1296
1280
1293
1295
1290
1295
1298
1298
1292
1291
1298
1298
1298
1291
1305
1297
1290
1302
1295
1292
1304
1303
1300
1300
1298
1296
1300
1300
1300
1304
1302
1304
1310
1301
1297
1301
1297
1305
1297
1301
1103
2486
1334
1311
1305
1305
1306
1304
1298
1302
1300
1296
1305
1305
1301
1303
1306
1299
1301
1301
1299
1302
1303
1314
1310
1301
1303
1300
1308
1299
1300
1300
1304
1298
1295
1292
1303
1300
1303
1306
1300
1305
1305
1301
1296
1299
1294
1306
1300
1291
1293
1289
1297
1298
1294
1302
1299
1295
1294
1292
1294
1292
1298
1297
1298
1283
1292
1292
1293
1302
1298
1297
1303
1296
1289
1309
1297
1295
1292
1285
1362
1285
1298
1300
1300
1302
1300
1296
1301
1297
1293
1289
1295
1304
1310
1294
1292
1295
1300
1297
1297
1290
1294
1290
1290
1289
1307
1296
1295
1299
1291
1302
1300
1290
1292
1293
1293
1303
1299
1300
1305
1301
1306
1304
1304
1294
1291
1291
1292
1302
1292
1289
1293
1293
1288
1294
1287
1292
1299
1296
1290
1297
1297
1295
1292
1292
1298
1290
1298
1301
1301
1300
1297
1303
1291
1298
1293
1290
1297
1299
1295
1296
1297
1298
1291
1305
1287
1293
1295
1295
1293
1298
1296
1292
1292
1294
1288
1292
1292
1289
1290
1293
1304
1297
1293
1296
1293
1282
1302
1292
1293
1294
1281
1293
1293
1289
1295
1290
1290
1288
1289
1296
1293
1292
1289
1289
1294
1287
1295
1293
1290
1294
1291
1297
1292
1295
1291
1284
1288
1293
1302
1292
1294
1297
1288
1296
1296
1303
1288
1292
1293
1307
1303
1297
1290
1293
1288
1297
1291
1297
1299
1298
1304
1297
1301
1295
1307
1292
1295
1300
1303
1303
1291
1296
1300
1290
1289
1293
1302
1307
1291
1303
1289
1291
1293
1290
1287
1301
1292
1284
1292
1290
1292
1296
1304
1293
1300
1289
1296
1296
1298
1297
1296
1285
1295
1292
1303
1294
1292
1294
1295
1296
1296
1299
1295
1289
1290
1292
1302
1291
1289
1293
1293
1298
1297
1293
1294
1286
1295
1297
1303
1291
1293
1294
1291
1292
1300
1293
1292
1290
1291
1300
1298
1293
1289
1295
1292
1302
1292
1291
1287
1297
1293
1289
1290
1327
1305
1328
1304
1301
1294
1361
1303
1301
1302
1323
1302
1167
2316
2311
1297
1316
1681
2309
1298
1304
1304
1979
2414
1303
1301
1303
2296
2175
1320
1309
1074
3041
1339
1299
1294
1931
2510
1295
1297
1119
2413
1999
1332
1303
1835
2609
1304
1324
1328
1313
1305
1307
1295
1302
1299
1778
2526
1300
1307
1155
2313
1623
1305
1304
1374
2329
1501
1301
1314
1438
2323
1564
1317
1176
2328
1959
1308
1316
1355
2318
1619
1307
1308
1770
2490
1452
1321
1309
1892
2335
1445
1312
1308
2134
2185
1315
1312
1308
1299
1307
1338
1306
1301
1299
1307
1299
1309
1303
1305
1317
1309
1308
1311
1296
1310
1299
1309
1299
1309
1299
1307
1306
1307
1300
1308
1291
1306
1298
1296
1298
1339
1307
1300
1309
1300
1297
1298
1305
1303
1299
1293
1305
1307
1294
1307
1301
1294
1298
1300
1301
1308
1297
1297
1301
1301
1299
1303
1296
1299
1302
1293
1302
1301
1293
1297
1306
1297
1298
1299
1300
1293
1302
1302
1300
1298
1297
1297
1300
1307
1301
1296
1297
1300
1296
1299
1300
1303
1298
1304
1294
1346
1299
1296
1294
1294
1296
1292
1306
1304
1301
1299
1306
1301
1301
1297
1298
1298
1296
1298
1299
1294
1302
1303
1298
1302
1303
1297
1298
1299
1299
1299
1297
1306
1297
1294
1300
1297
1300
1296
1301
1299
1300
1298
1303
1303
1297
1298
1296
1300
1297
1295
1297
1303
1299
1297
1298
1295
1293
1293
1298
1299
1297
1290
1292
1292
1297
1303
1301
1301
1346
1421
1330
1413
1303
1132
2306
1980
1334
1248
1423
1162
2235
1333
1303
1944
2351
1344
1383
1161
2327
1815
1314
1314
1385
2321
1827
2376
2431
2435
2443
2419
1318
1318
1326
1321
1310
1884
2516
1364
1304
1925
2372
1339
1309
1423
2322
1706
1321
1308
1487
2360
1330
1311
1314
2121
2133
1335
1308
1314
1934
2372
1337
1311
1317
2113
2255
1317
1332
1852
2332
1336
1308
1320
2168
2203
1318
1319
1312
2026
2339
1330
1311
1310
2326
1954
1317
1345
2029
2518
1351
1341
1244
2337
2201
1319
1312
1561
2497
1319
1305
1315
1083
2332
1618
1310
1318
1310
1316
1308
1301
1304
1308
1303
1309
1304
1307
1310
1297
1306
1305
1312
1303
1306
1307
1304
1314
1306
1299
1310
1303
1306
1305
1308
1307
1304
1302
1298
1304
1306
1302
1305
1306
1303
1309
1300
1301
1294
1308
1300
1299
1306
1300
1306
1295
1297
1300
1304
1302
1300
1300
1307
1299
1303
1306
1309
1307
1300
1297
1300
1297
1302
1293
1299
1301
1296
1300
1293
1303
1297
1303
1306
1302
1300
1305
1297
1300
1299
1289
1293
1295
1305
1294
1300
1298
1294
1297
1299
1299
1300
1296
1299
1301
1301
1295
1288
1292
1299
1076
2314
2085
1303
1304
1299
1300
1304
1301
1294
1303
1301
1299
1290
1291
1297
1311
1301
1289
1289
1296
1295
1307
1298
1296
1302
1297
1297
1297
1299
1300
1296
1302
1301
1302
1293
1296
1296
1296
1297
1294
1295
1293
1299
1299
1297
1291
1301
1303
1297
1295
1294
1298
1295
1298
1292
1304
1294
1299
1291
1299
1291
1297
1300
1297
1296
1297
1293
1294
1297
1302
1298
1293
1296
1296
1300
1295
1298
1298
1299
1291
1293
1299
1294
1303
1281
1299
1293
1298
1301
1303
1296
1293
1300
1296
1290
1295
1302
1295
1294
1297
1293
1288
1294
1294
1298
1297
1299
1298
1296
1300
1303
1296
1299
1297
1299
1296
1299
1296
1291
1293
1295
1305
1296
1302
1302
1305
1299
1298
1300
1298
1297
1296
1298
1306
1298
1294
1297
1302
1300
1299
1302
1301
1304
1296
1298
1298
1298
1296
1299
1295
1295
1295
1291
1294
1293
1313
1292
1298
1298
1297
1297
1300
1294
1297
1300
1307
1307
1301
1295
1298
1297
1300
1298
1298
1302
1295
1297
1295
1295
1296
1295
1298
1313
1299
1300
1296
1298
1301
1298
1298
1301
1292
1294
1298
1296
1304
1294
1297
1296
1291
1303
1297
1306
1299
1293
1292
1299
1639
2047
1298
1299
1294
1298
1303
1297
1293
1296
1294
1297
1296
1301
1297
1299
1293
1301
1296
1310
1303
1300
1293
1297
1295
1290
1295
1300
1298
1294
1299
1303
1299
1297
1300
1293
1299
1292
1293
1299
1302
1298
1294
1296
1300
1300
1293
1297
1295
1297
1297
1294
1291
1300
1294
1303
1295
1290
1298
1297
1296
1296
1298
1297
1300
1294
1302
1291
1298
1296
1296
1286
1303
1298
1292
1295
1297
1299
1296
1296
1295
1296
1297
1296
1299
1294
1294
1297
1302
1301
1301
1289
1299
1288
1286
1286
1294
1288
1300
1292
1292
1284
1293
1289
1293
1291
1284
1290
1287
1287
1292
1295
1292
1292
1289
1293
1295
1292
1284
1290
1289
1295
1303
1295
1291
1289
1298
1295
1311
1291
1292
1298
1297
1290
1298
1299
1298
1305
1293
1292
1294
1297
1298
1295
1298
1294
1295
1297
1294
1307
1295
1303
1292
1300
1298
1296
1303
1297
1298
1297
1299
1294
1298
1297
1299
1295
1294
1297
1301
1297
1294
1296
1291
1300
1295
1300
1295
1301
1300
1295
1300
1300
1298
1294
1302
1292
1295
1292
1296
1301
1293
1298
1304
1299
1300
1303
1303
1299
1301
1300
1301
1299
1291
1302
1294
1296
1291
1288
1292
1300
1293
1299
1297
1313
1293
1765
2308
1303
1298
1298
2035
2439
1315
1310
1101
2319
2025
1302
1319
1659
2347
1682
1421
1673
2334
1883
1457
1386
2330
2014
1335
1332
1989
2336
1315
1308
1309
1781
2484
1346
1329
1769
2330
1420
1307
1308
1529
2366
1322
1318
1305
2275
2071
1311
1334
1604
2338
1631
1300
1307
1420
2324
1463
1310
1304
1600
2454
1323
1300
1298
1804
2519
1312
1311
1204
2344
1532
1308
1306
1332
2332
1326
1309
1306
1197
2321
1599
1312
1304
1303
1303
1303
1307
1302
1308
1305
1304
1301
1305
1306
1308
1300
1306
1309
1304
1300
1301
1304
1298
1302
1299
1298
1307
1314
1302
1299
1303
1301
1305
1358
1308
1299
1306
1301
1306
2203
2356
1335
1298
1301
1301
1298
1301
1299
1302
1300
1320
1299
1301
1298
1357
1305
1305
1299
1316
1298
1311
1301
1300
1305
1295
1297
1299
1300
1292
1296
1297
1336
1292
1299
1298
1300
1296
1301
1296
1294
1309
1294
1297
1298
1300
1300
1299
1299
1298
1292
1322
1300
1295
1297
1307
1293
1295
1303
1300
1301
1306
1299
1297
1301
1294
1297
1293
1296
1298
1298
1297
1296
1301
1296
1299
1295
1295
1298
1300
1296
1304
1298
1299
1303
1297
1296
1297
1290
1294
1292
1290
1313
1299
1294
1297
1299
1297
1300
1300
1295
1300
1297
1304
1298
1296
1304
1298
1290
1294
1294
1296
1298
1301
1339
1313
1306
1299
1298
1298
1302
1298
1298
1303
1297
1297
1294
1293
1297
1297
1299
1354
1303
1300
1301
1297
1297
1300
1297
1295
1304
1300
1295
1343
1308
1305
1359
1320
1302
1301
1309
1306
1297
1328
1299
1323
1327
1298
1298
1293
1295
1296
1295
1299
1303
1294
1296
1301
1298
1295
1301
1295
1297
1305
1299
1301
1299
1295
1307
1301
1298
1295
1295
1297
1305
1299
1292
1298
1297
1297
1289
1297
1295
1300
1295
1296
1301
1300
1301
1305
1302
1291
1295
1295
1300
1292
1300
1296
1293
1295
1300
1298
1294
1294
1293
1300
1299
1300
1299
1295
1295
1300
1294
1294
1297
1301
1298
1298
1300
1293
1296
1299
1296
1296
1300
1294
1296
1296
1306
1290
1300
1297
1305
1302
1294
1302
1314
1299
1295
1301
1291
1288
1287
1305
1302
1304
1294
1310
1301
1300
1297
1298
1298
1292
1301
1300
1300
1299
1300
1296
1296
1311
1306
1297
1301
1293
1295
1298
1296
1300
1298
1302
1299
1303
1299
1299
1299
1301
1299
1298
1297
1298
1296
1299
1296
1292
1293
1292
1313
1296
1318
1299
1303
1297
1306
1295
1302
1292
1303
1296
1303
1298
1294
1296
1298
1300
1296
1300
1299
1301
1298
1295
1293
1300
1294
1295
1298
1306
1296
1298
1301
1300
1305
1300
1297
1293
1341
1298
1298
1296
1301
1301
1302
1345
1301
1295
1330
1322
1322
1301
1320
1305
1293
1320
1293
1299
1298
1296
1309
1302
1341
1302
1300
1297
1301
1299
1298
1296
1298
1292
1304
1302
1299
1296
1297
1305
1301
1298
1299
1299
1295
1301
1297
1342
1297
1299
1300
1298
1301
1299
1298
1303
1298
1294
1292
1298
1299
1288
1292
1291
1292
1292
1291
1300
1295
1291
1291
1293
1296
1293
1290
1290
1286
1290
1298
1299
1290
1291
1282
1290
1297
1295
1293
1295
1297
1298
1298
1289
1291
1299
1298
1292
1300
1295
1297
1292
1291
1287
1300
1295
1297
1293
1290
1290
1312
1297
1295
1298
1299
1295
1300
1302
1257
1306
1299
1305
1301
1300
1299
1308
1303
1296
1299
1297
1296
1302
1299
1298
1302
1297
1308
1298
1308
1300
1303
1301
1296
1298
1296
1298
1303
1303
1300
1304
1301
1303
1300
1306
1301
1298
1299
1305
1299
1303
1298
1296
1300
1296
1295
1306
1305
1304
1294
1298
1299
1289
1291
1291
1296
1298
1291
1294
1298
1297
1297
1294
1293
1298
1300
1302
1344
1302
1294
1298
1300
1299
1297
1299
1298
1298
1298
1300
1311
1308
1306
1297
1294
1298
1307
1299
1304
1296
1298
1296
1284
1292
1300
1299
1302
1297
1302
1305
1292
1302
1294
1296
1288
1300
1298
1308
1291
1287
1286
1294
1297
1300
1296
1290
1294
1298
1300
1296
1285
1292
1296
1298
1289
1291
1295
1290
1284
1295
1296
1291
1290
1297
1281
1294
1291
1292
1290
1285
1297
1302
1302
1294
1287
1287
1289
1289
1296
1300
1296
1292
1289
1292
1291
1299
1288
1287
1287
1294
1289
1296
1296
1348
1305
1305
1299
1297
1307
1296
1299
1294
1296
1295
1302
1310
1300
1300
1302
1299
1300
1299
1304
1300
1300
1299
1303
1303
1297
1298
1297
1301
1299
1308
1302
1303
1304
1303
1300
1315
1295
1295
1300
1302
1299
1298
1304
1299
1303
1298
1300
1303
1299
1302
1297
1295
1293
1292
1305
1297
1294
1297
1300
1305
1292
1301
1303
1305
1295
1296
1298
1296
1297
1289
1294
1300
1293
1300
1297
1289
1290
1284
1297
1298
1290
1297
1294
1290
1301
1298
1298
1295
2029
1702
1295
1298
1300
1303
1298
1299
1298
1301
1300
1298
1300
1300
1304
1305
1304
1293
1300
1295
1299
1298
1296
1296
1301
1304
1315
1299
1296
1300
1304
1300
1300
1297
1296
1298
1299
1294
1306
1298
1294
1294
1294
1304
1302
1305
1299
1291
1299
1297
1306
1298
1296
1299
1298
1300
1300
1295
1293
1300
1296
1303
1299
1306
1296
1305
1283
1305
1299
1296
1297
1302
1299
1300
1297
1302
1302
1304
1307
1296
1297
1297
1296
1296
1299
1295
1298
1297
1299
1301
1299
1300
1301
1303
1296
1297
1295
1302
1292
1288
1293
1294
1298
1293
1295
1301
1304
1292
1296
1296
1300
1299
1299
1297
1295
1299
1300
1302
1294
1302
1298
1306
1302
1303
1305
1299
1295
1301
1299
1302
1315
1305
1298
1362
1296
1312
1442
2294
1589
1301
1225
2320
2310
2089
2242
2326
2431
2520
2583
2125
2258
2337
2420
2575
2514
2543
1320
1308
1144
2327
1831
1304
1305
1303
2301
2097
1303
1306
1445
2329
1416
1301
1311
1594
2374
1322
1309
1309
2072
2325
1316
1313
1427
2338
1330
1315
1306
1100
2339
1733
1320
1308
1507
2329
1339
1303
1188
2348
1777
1311
1310
1289
2341
1892
1317
1307
1391
2346
1414
1317
1306
1934
2282
1312
1313
1311
1317
1303
1310
1317
1305
1310
1311
1307
1308
1320
1306
1306
1302
1310
1315
1298
1308
1302
1303
1303
1300
1301
1294
1307
1299
1303
1298
1305
1298
1309
1299
1301
1299
1299
1303
1295
1304
1309
1296
1303
1331
1300
1292
1301
1300
1302
1295
1317
1291
1300
1295
1299
1300
1304
1298
1300
1306
1299
1293
1300
1299
1294
1295
1295
1302
1295
1303
1302
1306
1299
1298
1305
1304
1297
1292
1291
1299
1301
1302
1301
1301
1295
1302
1299
1301
1302
1298
1301
1297
1300
1299
1294
1296
1296
1296
1296
1298
1297
1297
1298
1302
1296
1298
1294
1297
1293
1306
1302
1299
1299
1291
1302
1298
1302
1302
1303
1294
1300
1297
1301
1301
1309
1299
1300
1299
1298
1291
1296
1304
1296
1294
1297
1302
1298
1294
1299
1300
1298
1299
1292
1298
1296
1298
1296
1297
1304
1299
1301
1299
1297
1297
1294
1306
1298
1300
1299
1296
1291
1303
1302
1300
1290
1305
1298
1298
1287
1291
1290
1303
1291
1292
1297
1297
1299
1298
1296
1299
1298
1301
1301
1300
1294
1298
1289
1289
1305
1290
1295
1299
1302
1295
1293
1287
1289
1296
1288
1291
1288
1297
1290
1305
1301
1300
1294
1296
1290
1296
1295
1285
1291
1283
1292
1294
1289
1292
1292
1291
1296
1293
1296
1291
1290
1286
1294
1291
1291
1291
1287
1288
1296
1304
1291
1299
1286
1292
1286
1303
1295
1288
1291
1283
1293
1288
1291
1292
1290
1292
1290
1298
1302
1295
1292
1293
1294
1296
1290
1299
1287
1290
1287
1301
1291
1292
1288
1292
1294
1295
1295
1293
1291
1294
1297
1296
1293
1293
1288
1291
1288
1291
1305
1294
1300
1296
1292
1288
1287
1295
1288
1295
1284
1301
1298
1298
1285
1306
1293
1300
1299
1290
1290
1285
1284
1294
1293
1286
1296
1289
1298
1292
1309
1291
1296
1288
1284
1297
1293
1293
1298
1286
1287
1295
1289
1289
1287
1285
1284
1300
1289
1292
1289
1291
1287
1289
1301
1289
1291
1290
1303
1295
1291
1284
1300
1298
1296
1298
1297
1293
1296
1305
1288
1291
1288
1293
1289
1296
1299
1295
1297
1302
1301
1286
1280
1289
1297
1300
1292
1299
1305
1304
1299
1304
1297
1296
1303
1305
1304
1298
1304
1297
1291
1286
1291
1287
1292
1288
1294
1289
1291
1297
1296
1293
1289
1291
1294
1294
1287
1288
1293
1287
1296
1289
1290
1279
1301
1291
1301
1293
1290
1291
1298
1309
1300
1297
1319
1298
1296
1304
1297
1298
1300
1299
1296
1304
1296
1304
1296
1295
1292
1292
1293
1291
1288
1289
1299
1290
1292
1295
1289
1290
1292
1294
1290
1290
1288
1297
1291
1312
1290
1295
1285
1290
1292
1299
1291
1289
1292
1294
1293
1296
1293
1287
1286
1305
1294
1294
1300
1297
1292
1286
1290
1290
1295
1309
1288
1297
1295
1292
1298
1295
1297
1291
1287
1290
1287
1299
1280
1294
1292
1295
1295
1293
1280
1299
1288
1299
1292
1291
1291
1282
1304
1297
1294
1293
1292
1287
1292
1291
1295
1294
1295
1291
1288
1294
1297
1294
1297
1298
1303
1292
1301
1301
1294
1301
1292
1298
1292
1298
1292
1287
1291
1297
1294
1295
1296
1286
1298
1301
1299
1298
1293
1297
1293
1297
1298
1296
1290
1293
1291
1294
1289
1290
1287
1290
1295
1301
1294
1293
1289
1293
1291
1293
1295
1292
1298
1295
1296
1293
1301
1285
1295
1291
1291
1296
1291
1295
1292
1292
1288
1294
1290
1293
1296
1290
1291
1309
1294
1260
2342
2400
2394
2422
2419
2420
2405
2450
1304
1304
1311
1296
1413
2455
2518
2530
1956
1590
1550
1309
1297
1302
1300
1299
1298
1301
1296
1303
1305
1299
1304
1300
1302
1300
1300
1295
1296
1295
1293
1300
1295
1307
1307
1300
1301
1299
1302
1298
1305
1296
1303
1294
1301
1296
1298
1299
1301
1306
1301
1303
1299
1297
1300
1301
1297
1298
1301
1300
1298
1295
1300
1295
1298
1304
1299
1304
1306
1302
1302
1300
1302
1296
1303
1298
1295
1295
1297
1305
1295
1296
1300
1302
1299
1301
1293
1297
1298
1295
1295
1292
1298
1293
1302
1292
1286
1290
1298
1302
1293
1291
1291
1285
1306
1298
1303
1290
1296
1289
1287
1288
1284
1280
1288
1290
1286
1297
1293
1292
1286
1292
1291
1290
1294
1294
1310
1288
1298
1292
1297
1295
1291
1294
1299
1296
1302
1296
1303
1298
1307
1298
1293
1296
1295
1296
1301
1302
1300
1299
1283
1297
1302
1289
1288
1302
1292
1297
1296
1299
1297
1290
1293
1292
1293
1288
1292
1294
1286
1298
1294
1295
1297
1290
1293
1285
1288
1295
1294
1284
1284
1287
1288
1293
1284
1291
1291
1301
1292
1292
1287
1284
1287
1289
1298
1287
1292
1289
1297
1296
1299
1290
1293
1283
1290
1290
1297
1292
1289
1284
1289
1296
1293
1294
1290
1286
1291
1289
1289
1288
1289
1289
1278
1282
1296
1288
1298
1288
1293
1294
1296
1297
1294
1296
1302
1303
1299
1301
1297
1297
1293
1301
1295
1302
1297
1294
1294
1296
1296
1294
1290
1295
1286
1305
1297
1294
1297
1295
1303
1298
1293
1300
1291
1291
1283
1290
1297
1286
1289
1294
1301
1290
1298
1293
1291
1289
1288
1290
1290
1300
1286
1288
1287
1294
1295
1292
1296
1286
1291
1292
1290
1291
1285
1291
1292
1296
1289
1290
1286
1289
1301
1291
1295
1304
1283
1298
1298
1293
1296
1292
1293
1298
1296
1312
1298
1296
1298
1291
1296
1296
1301
1609
2373
2431
2405
2437
2429
2428
2413
2395
2142
2505
2499
2514
1313
1320
1306
1308
1302
1306
1293
1300
1298
1297
1296
1302
1299
1294
1298
1291
1294
1295
1299
1293
1297
1298
1295
1296
1298
1297
1295
1297
1296
1297
1297
1292
1295
1290
1297
1299
1297
1296
1292
1302
1293
1301
1298
1298
1298
1290
1298
1294
1297
1296
1303
1295
1302
1293
1296
1290
1307
1294
1298
1294
1295
1299
1294
1297
1296
1298
1297
1301
1300
1297
1298
1297
1294
1298
1305
1297
1304
1300
1294
1296
1303
1288
1292
1291
1292
1291
1296
1286
1297
1294
1293
1288
1284
1292
1296
1301
1293
1290
1290
1286
1287
1292
1298
1292
1299
1293
1287
1296
1294
1296
1294
1287
1297
1295
1299
1293
1285
1290
1296
1300
1297
1297
1296
1287
1301
1299
1286
1295
1296
1299
1299
1304
1293
1300
1293
1293
1304
1290
1294
1293
1292
1291
1289
1290
1295
1295
1289
1284
1292
1294
1293
1290
1284
1287
1284
1292
1286
1288
1280
1294
1290
1306
1288
1288
1293
1301
1301
1298
1295
1295
1289
1295
1292
1297
1289
1296
1287
1290
1289
1286
1293
1290
1288
1292
1299
1299
1288
1288
1296
1289
1287
1295
1292
1291
1283
1287
1291
1297
1300
1292
1293
1281
1291
1286
1285
1287
1289
1281
1295
1295
1295
1288
1296
1293
1296
1300
1292
1290
1286
1284
1287
1300
1293
1283
1287
1298
1289
1289
1302
1291
1293
1293
1302
1304
1295
1298
1290
1287
1297
1292
1298
1289
1295
1288
1296
1299
1300
1288
1290
1286
1293
1291
1295
1284
1288
1285
1286
1295
1290
1297
1283
1283
1296
1298
1292
1293
1294
1292
1289
1299
1291
1283
1291
1288
1293
1294
1287
1281
1292
1283
1295
1292
1290
1296
1293
1949
2486
1302
1300
1160
2306
1694
2340
1923
2504
1310
1300
1762
2469
1303
1312
1179
2336
1973
1306
1308
1532
2360
1943
1308
1314
1573
2323
2138
1318
1185
2351
2162
1320
1306
2167
2322
2348
1373
2345
1453
1311
1315
1309
2188
1968
1310
1313
1084
2340
1607
1318
1313
2113
1955
1317
1316
1312
2230
1961
1315
1306
1311
2145
2128
1290
1313
1470
2341
1702
1311
1308
1698
2477
1324
1308
1312
1961
2378
1314
1307
1301
2210
2027
1357
1308
1443
2346
1472
1308
1315
1346
1314
1303
1328
1308
1310
1307
1331
1325
1306
1304
1305
1307
1307
1309
1335
1309
1304
1306
1303
1303
1299
1305
1300
1306
1297
1305
1296
1297
1299
1301
1297
1307
1298
1298
1305
1293
1306
1293
1298
1297
1302
1297
1297
1306
1303
1304
1301
1297
1301
1296
1286
1301
1302
1296
1294
1298
1298
1293
1296
1293
1295
1307
1297
1300
1299
1300
1298
1297
1297
1293
1298
1293
1295
1296
1300
1300
1300
1299
1291
1298
1300
1295
1297
1301
1294
1300
1300
1298
1306
1302
1294
1297
1294
1298
1300
1300
1294
1297
1294
1302
1297
1300
1302
1293
1294
1301
1308
1299
1306
1302
1300
1298
1299
1296
1295
1298
1293
1296
1303
1299
1299
1301
1293
1298
1297
1302
1297
1301
1294
1298
1298
1300
1300
1301
1301
1295
1299
1295
1296
1293
1298
1301
1298
1300
1302
1305
1309
1296
1302
1301
1296
1302
1298
1311
1298
1296
1299
1302
1301
1298
1293
1304
1296
1300
1293
1291
1298
1310
1296
1297
1300
1297
1297
1293
1302
1293
1291
1301
1294
1294
1301
1298
1294
1297
1291
1342
1307
1299
1297
1302
1297
1296
1300
1305
1296
1297
1301
1287
1293
1298
1293
1298
1301
1296
1299
1298
1306
1297
1302
1298
1300
1298
1299
1299
1295
1297
1306
1299
1294
1296
1297
1298
1293
1302
1297
1297
1300
1298
1296
1300
1296
1290
1290
1294
1293
1297
1300
1306
1296
1292
1295
1296
1298
1298
1293
1285
1292
1291
1296
1298
1298
1297
1287
1297
1299
1292
1297
1294
1299
1299
1294
1291
1289
1283
1287
1290
1289
1293
1296
1293
1291
1290
1304
1301
1297
1290
1294
1288
1289
1293
1294
1300
1289
1296
1293
1298
1301
1293
1291
1292
1296
1299
1298
1300
1300
1293
1293
1296
1293
1311
1292
1300
1299
1301
1307
1295
1296
1296
1300
1296
1310
1300
1293
1297
1301
1301
1294
1301
1302
1301
1291
1294
1295
1300
1300
1300
1295
1293
1294
1298
1297
1300
1299
1296
1297
1292
1301
1299
1302
1301
1298
1300
1300
1297
1303
1298
1303
1297
1300
1306
1300
1296
1298
1295
1298
1306
1295
1302
1295
1297
1296
1294
1299
1297
1302
1294
1296
1293
1298
1293
1304
1292
1299
1299
1296
1302
1293
1296
1293
1297
1291
1297
1301
1299
1297
1297
1298
1295
1299
1300
1294
1298
1298
1295
1298
1297
1300
1297
1301
1295
1300
1297
1293
1293
1294
1299
1305
1290
1298
1304
1295
1298
1294
1297
1298
1295
1287
1297
1294
1295
1293
1298
1296
1295
1296
1290
1298
1300
1300
1296
1300
1297
1291
1296
1294
1297
1290
1295
1294
1298
1291
1287
1289
1284
1286
1313
1292
1295
1288
1283
1289
1297
1287
1292
1281
1293
1288
1295
1293
1298
1289
1290
1294
1291
1298
1295
1294
1298
1294
1300
1300
1289
1296
1294
1297
1297
1299
1294
1285
1295
1288
1287
1299
1289
1282
1282
1286
1289
1289
1289
1292
1284
1286
1296
1291
1300
1298
1288
1292
1294
1303
1294
1291
1290
1289
1287
1293
1294
1291
1294
1299
1293
1295
1286
1298
1293
1286
1295
1295
1292
1297
1290
1291
1286
1300
1294
1298
1294
1299
1285
1287
1289
1295
1284
1285
1296
1290
1286
1285
1291
1292
1301
1284
1289
1285
1294
1295
1299
1288
1279
1284
1289
1288
1289
1291
1287
1283
1295
1285
1295
1297
1296
1287
1287
1292
1295
1294
1292
1289
1290
1291
1295
1295
1290
1287
1288
1290
1289
1293
1289
1287
1282
1287
1294
1292
1281
1283
1288
1285
1289
1305
1292
1288
1295
1288
1290
1293
1298
1290
1290
1289
1286
1289
1301
1283
1286
1287
1284
1290
1283
1287
1285
1292
1299
1286
1292
1281
1289
1283
1290
1294
1291
1291
1288
1283
1291
1288
1293
1282
1290
1287
1287
1294
1284
1283
1288
1287
1296
1292
1285
1293
1297
1288
1288
1308
1301
1297
1289
1296
1304
1292
1292
1287
1288
1289
1301
1294
1295
1296
1299
1294
1293
1297
1295
1296
1302
1298
1296
1299
1296
1297
1298
1287
1294
1288
1294
1299
1301
1286
1297
1297
1283
1287
1289
1292
1299
1292
1290
1290
1295
1295
1300
1296
1291
1287
1289
1284
1300
1284
1293
1300
1296
1294
1290
1290
1295
1295
1289
1285
1290
1295
1291
1296
1287
1291
1293
1288
1294
1285
1288
1291
1290
1308
1295
1287
1285
1290
1298
1289
1298
1288
1293
1292
1290
1304
1289
1292
1287
1290
1302
1291
1290
1294
1286
1290
1301
1295
1294
1285
1289
1285
1302
1293
1297
1289
1287
1298
1297
1291
1288
1302
1289
1291
1294
1304
1293
1290
1297
1293
1294
1300
1302
1292
1291
1300
1295
1296
1292
1295
1288
1293
1295
1295
1305
1296
1300
1302
1306
1298
1303
1294
1292
1297
1291
1298
1306
1301
1296
1298
1302
1291
1296
1297
1295
1291
1295
1295
1294
1308
1297
1306
1298
1289
1299
1298
1291
1296
1299
1303
1293
1295
1298
1293
1296
1297
1295
1297
1298
1292
1297
1293
1306
1299
1298
1301
1294
1313
1298
1294
1294
1293
1297
1291
1289
1288
1298
1289
1294
1301
1296
1292
1300
1296
1300
1302
1296
1292
1294
1292
1297
1296
1291
1297
1298
1301
1294
1298
1296
1301
1298
1303
1296
1302
1292
1298
1285
1288
1288
1289
1295
1287
1285
1294
1290
1294
1290
1289
1289
1284
1295
1291
1293
1288
1284
1295
1293
1304
1290
1292
1339
1302
1305
1303
1295
1297
1295
1300
1296
1290
1296
1296
1300
1291
1294
1299
1299
1291
1299
1295
1296
1295
1301
1299
1303
1299
1295
1304
1299
1300
1289
1291
1295
1285
1287
1294
1277
1293
1297
1291
1281
1285
1291
1285
1293
1294
1287
1285
1295
1288
1295
1292
1293
1291
1277
1292
1288
1291
1289
1294
1283
1288
1285
1297
1292
1287
1290
1295
1296
1293
1288
1283
1289
1287
1291
1285
1284
1284
1287
1287
1296
1290
1290
1282
1284
1293
1292
1291
1294
1289
1296
1287
1295
1293
1286
1296
1341
1302
1311
1299
1296
1301
1291
1293
1300
1297
1291
1298
1461
1294
1292
1301
1300
1301
1305
1300
1304
1298
1300
1298
1294
1292
1296
1301
1299
1306
1301
1294
1304
1299
1298
1299
1291
1296
1308
1296
1298
1290
1288
1299
1296
1301
1288
1282
1289
1296
1293
1295
1296
1296
1294
1291
1317
1289
1294
1303
1294
1299
1288
1292
1303
2225
2322
1312
1301
1294
2259
2257
1378
1307
1865
2565
1315
1287
1310
2034
2437
1326
1308
1213
2319
1821
1311
1305
1799
2486
1314
1311
1308
1787
2510
1325
1295
1155
2330
1883
1307
1303
1486
2323
1448
1300
1305
1874
2532
1295
1326
1309
1733
2524
1311
1316
1299
2244
2171
1315
1317
1132
2338
1738
1309
1319
1302
1299
1301
1295
1296
1303
1144
2310
1801
1300
1300
2055
2322
1300
1299
1306
1283
2335
2445
1316
1940
2426
1304
1314
1310
1542
2319
1352
1312
1302
2032
2338
1312
1308
1076
2323
2252
2359
2348
2347
2343
2320
2392
2333
2404
2539
2443
1328
1321
1314
1291
1310
1315
1320
1307
1324
1296
1332
1303
1331
1303
1322
1306
1320
1301
1287
1299
1308
1314
1307
1309
1305
1314
1309
1322
1297
1327
1300
1293
1305
1304
1314
1310
1355
1311
1324
1303
1315
1310
1311
1304
1319
1312
1288
1295
1300
1315
1296
1314
1302
1316
1299
1321
1301
1316
1299
1318
1298
1291
1302
1297
1316
1300
1324
1293
1316
1304
1312
1302
1309
1301
1311
1316
1284
1305
1301
1320
1302
1323
1298
1322
1302
1311
1306
1315
1294
1283
1238
2292
2377
1311
1305
1309
1302
1303
1304
1304
1306
1305
1306
1322
1302
1328
1307
1277
1300
1292
1313
1294
1359
1302
1324
1302
1328
1296
1316
1302
1320
1302
1287
1304
1308
1314
1296
1318
1298
1316
1302
1324
1305
1322
1302
1320
1286
1285
1293
1293
1321
1304
1317
1307
1311
1290
1314
1293
1313
1297
1277
1295
1307
1320
1299
1313
1301
1316
1307
1320
1305
1312
1293
1320
1297
1276
1293
1297
1305
1293
1312
1297
1307
1290
1309
1295
1313
1299
1281
1287
1301
1317
1299
1309
1295
1309
1295
1313
1301
1309
1303
1274
1294
1294
1316
1302
1320
1292
1304
1303
1304
1306
1306
1293
1311
1297
1281
1297
1290
1315
1284
1311
1300
1315
1292
1308
1289
1306
1303
1277
1294
1298
1311
1297
1314
1291
1309
1295
1306
1292
1320
1290
1277
1295
1291
1310
1298
1311
1291
1335
1285
1315
1290
1308
1291
1273
1289
1299
1307
1290
1312
1291
1317
1299
1315
1298
1316
1302
1275
1293
1300
1310
1299
1321
1302
1318
1292
1313
1296
1314
1301
1318
1298
1286
1300
1302
1317
1304
1316
1301
1318
1302
1316
1295
1316
1302
1284
1299
1303
1315
1307
1316
1304
1330
1300
1315
1301
1308
1300
1343
1311
1280
1294
1302
1292
1365
1322
1305
1314
1304
1316
1307
1314
1305
1314
1304
1287
1309
1298
1319
1297
1307
1351
1306
1299
1317
1302
1312
1497
1320
1303
1283
1300
1293
1388
1300
1326
1297
1318
1299
1385
1296
1309
1299
1308
1362
1282
1302
1297
1323
1300
1381
1298
1336
1302
1320
1300
1381
1299
1318
1297
1287
1302
1361
1298
1320
1321
1299
1236
1394
1328
1294
1323
1301
1294
1301
1328
1300
1324
1301
1386
1302
1281
1298
1305
1316
1307
1316
1305
1316
1295
1321
1304
1318
1301
1291
1299
1308
1311
1307
1319
1307
1315
1309
1317
1306
1317
1294
1316
1293
1280
1300
1308
1315
1305
1318
1311
1314
1307
1316
1304
1314
1299
1317
1304
1287
1312
1304
1315
1305
1320
1299
1321
1307
1319
1314
1315
1304
1285
1249
1302
1323
1301
1318
1300
1313
1300
1318
1301
1314
1307
1311
1298
1566
1303
1285
1310
1249
1318
1295
1318
1302
1322
1364
1317
1298
1316
1300
1317
1306
1396
1304
1295
1321
1296
1314
1399
1325
1301
1321
1299
1392
1302
1321
1304
1289
1301
1351
1303
1292
1319
1304
1327
1370
1329
1297
1317
1302
1327
1351
1320
1304
1302
1309
1294
1369
1309
1301
1303
1306
1295
1303
1301
1303
1296
1304
1300
1304
1299
1303
1299
1299
1298
1305
1305
1297
1303
1300
1301
1298
1305
1299
1300
1299
1299
1300
1300
1299
1304
1301
1298
1298
1291
1301
1294
1307
1300
1298
1308
1299
1307
1303
1298
1289
1293
1305
1298
1294
1300
1290
1292
1297
1297
1290
1297
1293
1301
1292
1298
1289
1300
1301
1298
1296
1295
1299
1288
1297
1287
1301
1292
1292
1290
1294
1298
1299
1302
1302
1295
1297
1301
1295
1313
1301
1302
1300
1305
1300
1305
1300
1305
1298
1298
1298
1298
1292
1300
1297
1295
1299
1300
1302
1304
1300
1296
1301
1299
1298
1300
1298
1299
1303
1301
1299
1304
1298
1293
1297
1300
1304
1303
1299
1299
1300
1313
1295
1301
1297
1297
1295
1292
1304
1296
1298
1298
1302
1298
1303
1847
2424
1341
1300
1892
2316
1515
1310
1301
1275
2322
1761
1317
1306
2327
2157
1303
1309
1186
2330
1939
1308
1305
1682
2387
1319
1302
1308
1785
2513
1306
1303
1304
1835
2550
1304
1317
1304
2330
2107
1308
1330
1509
2336
1367
1311
1298
1632
2320
2323
2317
2327
2325
2360
1320
1340
2098
2407
1330
1944
2364
1342
1321
1435
2335
1439
1336
1320
1532
2330
1421
1309
1307
2066
2189
1325
1318
1315
1937
2241
1313
1316
1311
1309
1305
1318
1300
1307
1310
1309
1303
1307
1308
1312
1311
1312
1304
1308
1307
1312
1307
1303
1303
1303
1303
1307
1312
1305
1301
1307
1310
1301
1300
1294
1296
1302
1302
1302
1296
1305
1306
1305
1300
1303
1296
1309
1296
1295
1305
1305
1302
1302
1296
1302
1304
1295
1297
1300
1300
1298
1301
1293
1299
1302
1304
1297
1305
1292
1298
1300
1288
1299
1293
1296
1302
1295
1296
1303
1300
1300
1300
1300
1305
1298
1313
1302
1317
1297
1297
1292
1295
1301
1301
1301
1303
1302
1295
1303
1306
1299
1298
1305
1301
1300
1297
1301
1299
1300
1301
1299
1297
1300
1295
1299
1311
1303
1310
1296
1303
1297
1302
1299
1306
1296
1305
1294
1300
1302
1306
1298
1306
1299
1298
1294
1298
1291
1299
1297
1298
1301
1296
1295
1298
1301
1299
1302
1301
1301
1295
1299
1299
1303
1303
1296
1306
1296
1299
1297
1297
1298
1299
1296
1298
1309
1300
1294
1296
1296
1306
1283
2308
1374
1305
1293
1300
1303
1306
1294
1304
1296
1302
1300
1299
1305
1295
1294
1299
1295
1305
1304
1297
1302
1295
1300
1294
1299
1299
1303
1300
1296
1299
1299
1297
1293
1298
1297
1302
1301
1301
1298
1308
1293
1299
1297
1303
1299
1300
1301
1293
1297
1293
1302
1288
1296
1297
1299
1300
1298
1298
1299
1305
1302
1304
1300
1294
1292
1295
1296
1301
1295
1298
1300
1305
1298
1303
1303
1296
1295
1298
1297
1290
1291
1301
1301
1291
1293
1301
1300
1292
1293
1300
1299
1299
1290
1297
1295
1301
1298
1303
1296
1297
1294
1301
1294
1302
1302
1298
1292
1299
1301
1298
1306
1296
1295
1296
1296
1298
1292
1293
1299
1293
1304
1294
1302
1298
1297
1295
1296
1292
1296
1302
1299
1300
1299
1303
1297
1294
1296
1301
1296
1298
1296
1296
1289
1302
1296
1296
1297
1296
1302
1297
1298
1295
1301
1291
1304
1296
1297
1296
1294
1301
1287
1304
1293
1300
1300
1297
1291
1286
1295
1304
1303
1291
1296
1289
1293
1296
1300
1293
1295
1292
1289
1300
1298
1302
1298
1292
1296
1296
1303
1293
1293
1292
1298
1299
1295
1296
1293
1287
1296
1299
1298
1295
1296
1292
1294
1289
1299
1300
1289
1294
1295
1296
1295
1289
1292
1290
1295
1298
1296
1293
1291
1291
1301
1291
1291
1300
1290
1294
1301
1299
1287
1294
1291
1294
1291
1309
1300
1301
1297
1292
1291
1297
1297
1293
1294
1290
1304
1302
1303
1293
1301
1298
1291
1303
1306
1297
1293
1304
1300
1303
1290
1287
1297
1299
1302
1294
1299
1296
1295
1301
1302
1293
1296
1292
1290
1290
1299
1293
1296
1294
1293
1295
1301
1284
1298
1290
1296
1284
1296
1293
1289
1292
1282
1299
1297
1298
1297
1292
1292
1301
1297
1291
1300
1290
1289
1297
1291
1292
1293
1291
1305
1293
1305
1302
1293
1294
1284
1287
1301
1298
1289
1293
1286
1295
1294
1295
1290
1297
1290
1287
1295
1294
1295
1292
1285
1290
1293
1299
1293
1297
1294
1297
1303
1298
1293
1291
1298
1289
1301
1300
1290
1293
1298
1300
1294
1305
1294
1300
1288
1295
1297
1304
1299
1300
1299
1294
1290
1297
1296
1291
1293
1295
1292
1293
1301
1294
1295
1290
1303
1300
1300
1297
1294
1296
1301
1302
1295
1304
1294
1300
1298
1302
1295
1296
1299
1288
1294
1292
1296
1294
1298
1293
1299
1298
1293
1292
1290
1291
1304
1296
1295
1302
1291
1294
1299
1301
1290
1294
1297
1299
1294
1293
1291
1295
1297
1298
1297
1305
1299
1294
1301
1288
1295
1292
1303
1295
1300
1297
1304
1296
1296
1299
1301
1295
1301
1301
1293
1289
1295
1298
1301
1303
1294
1302
1296
1302
1294
1293
1297
1294
1290
1298
1294
1295
1302
1294
1292
1297
1301
1291
1296
1299
1298
1288
1300
1291
1290
1304
1293
1154
2113
1342
1309
1315
1305
1298
1304
1391
1316
1798
2562
1866
1308
1303
1304
1302
1299
1298
1300
1298
1303
1298
1300
1296
1301
1294
1300
1298
1301
1296
1301
1293
1295
1293
1301
1292
1295
1298
1304
1302
1296
1305
1297
1290
1298
1302
1300
1302
1299
2218
1561
1300
1302
1305
1298
1299
1295
1304
1300
1304
1295
1303
1298
1297
1296
1304
1295
1305
1303
1303
1305
1312
1302
1299
1308
1299
1299
1299
1297
1302
1300
1307
1301
1296
1298
1296
1304
1299
1299
1300
1302
1303
1304
1287
1309
1303
1299
1289
1304
1296
1293
1295
1293
1294
1300
1288
1296
1291
1297
1296
1298
1297
1293
1297
1292
1290
1293
1298
1292
1288
1293
1294
1298
1301
1304
1298
1300
1292
1296
1294
1289
1295
1296
1296
1307
1297
1303
1292
1299
1299
1292
1293
1300
1294
1293
1303
1304
1301
1289
1292
1291
1291
1305
1293
1288
1289
1296
1294
1296
1296
1291
1299
1296
1292
1294
1296
1302
1296
1293
1288
1303
1298
1300
1301
1309
1302
1298
1304
1305
1301
1296
1299
1297
1305
1300
1300
1303
1302
1299
1294
1294
1295
1292
1292
1294
1294
1294
1293
1301
1291
1302
1301
1298
1305
1294
1296
1300
1299
1295
1297
1292
1296
1294
1300
1294
1304
1301
1302
1299
1298
1303
1299
1297
1301
1299
1294
1295
1290
1294
1294
1294
1293
1285
1288
1297
1296
1301
1299
1299
1292
1294
1290
1304
1309
1294
1298
1289
1308
1293
1300
1290
1289
1289
1294
1295
1297
1295
1296
1290
1296
1294
1297
1300
1295
1298
1288
1296
1297
1296
1298
1301
1292
1299
1293
1303
1291
1290
1286
1299
1294
1286
1300
1292
1294
1305
1296
1301
1302
1301
1297
1293
1298
1288
1289
1295
1304
1301
1300
1298
1302
1299
1298
1301
1298
1292
1293
1294
1294
1301
1299
1299
1297
1293
1300
1291
1306
1297
1298
1294
1293
1291
1296
1288
1292
1306
1303
1293
1290
1293
1296
1303
1297
1302
1297
1292
1296
1296
1294
1299
1289
1290
1289
1289
1290
1295
1293
1297
1291
1291
1300
1294
1296
1295
1294
1286
1295
1301
1295
1295
1288
1291
1300
1299
1293
1297
1298
1289
1290
1288
1297
1291
1285
1282
1302
1293
1304
1300
1291
1285
1291
1299
1299
1285
1293
1285
1285
1296
1289
1292
1288
1293
1294
1298
1293
1291
1288
1297
1291
1295
1295
1297
1284
1283
1290
1296
1297
1297
1297
1287
1290
1295
1297
1296
1301
1293
1298
1293
1297
1301
1304
1293
1297
1301
1300
1299
1297
1297
1290
1291
1294
1298
1292
1295
1288
1294
1294
1293
1291
1287
1287
1291
1297
1288
1294
1293
1291
1295
1299
1299
1292
1289
1291
1301
1293
1294
1293
1282
1295
1294
1298
1296
1294
1282
1290
1300
1290
1292
1299
1303
1291
1299
1295
1295
1296
1295
1292
1296
1296
1303
1294
1288
1290
1292
1291
1297
1299
1295
1292
1295
1299
1296
1306
1298
1294
1301
1298
1286
1291
1290
1296
1296
1297
1291
1291
1290
1291
1298
1288
1295
1294
1294
1289
1295
1300
1297
1291
1292
1284
1302
1289
1296
1291
1291
1292
1301
1291
1298
1287
1289
1297
1300
1301
1287
1290
1288
1293
1300
1304
1296
1305
1298
1298
1297
1295
1287
1289
1283
1292
1297
1296
1301
1288
1296
1304
1302
1297
1296
1295
1289
1298
1296
1293
1289
1294
1288
1291
1297
1294
1291
1299
1293
1299
1288
1297
1292
1297
1297
1291
1296
1297
1293
1293
1292
1293
1293
1292
1292
1290
1301
1302
1286
1294
1302
1293
1294
1294
1299
1302
1308
1296
1302
1295
1298
1298
1291
1287
1295
1300
1292
1299
1295
1297
1292
1292
1296
1290
1299
1294
1300
1298
1302
1294
1294
1288
1287
1290
1288
1296
1290
1305
1298
1298
1301
1304
1296
1295
1306
1295
1293
1288
1297
1293
1299
1295
1292
1296
1293
1292
1291
1283
1296
1296
1295
1290
1282
1289
1302
1301
1297
1301
1296
1291
1300
1296
1297
1304
1295
1297
1297
1302
1295
1296
1294
1294
1297
1301
1292
1296
1296
1293
1292
1297
1296
1308
1290
1293
1291
1294
1298
1296
1297
1296
1292
1292
1293
1296
1300
1296
1299
1299
1298
1293
1294
1299
1300
1298
1301
1295
1325
1302
1300
1305
1302
1301
1298
1300
1310
1293
1283
1297
1292
1303
1303
1296
1293
1287
1298
1302
1287
1294
1292
1292
1284
1291
1294
1298
1293
1291
1291
1292
1295
1293
1294
1295
1294
1293
1300
1298
1290
1297
1291
1297
1290
1302
1294
1296
1291
1303
1293
1294
1284
1291
1295
1294
1295
1290
1298
1296
1289
1284
1292
1298
1296
1293
1287
1290
1302
1302
1298
1295
1310
1293
1293
1292
1293
1287
1287
1290
1288
1294
1307
1300
1303
1292
1302
1295
1298
1290
1296
1304
1307
1299
1296
1301
1297
1287
1295
1290
1294
1293
1285
1292
1298
1303
1290
1294
1296
1294
1295
1300
1293
1294
1286
1296
1305
1295
1292
1292
1292
1293
1296
1300
1295
1302
1306
1299
1300
1295
1302
1297
1288
1303
1292
1291
1293
1302
1296
1296
1301
1299
1298
1301
1292
1297
1292
1295
1295
1292
1290
1297
1301
1287
1297
1307
1299
1300
1299
1299
1299
1295
1297
1297
1300
1294
1297
1288
1302
1300
1295
1303
1283
1301
1296
1302
1301
1294
1295
1298
1296
1298
1289
1299
1296
1290
1295
1299
1296
1297
1292
1297
1299
1300
1300
1301
1300
1301
1301
1302
1297
1302
1304
1304
1302
1305
1297
1304
1305
1304
1302
1304
1302
1307
1298
1305
1300
1298
1300
1296
1301
1300
1297
1297
1302
1301
1304
1302
1302
1304
1304
1297
1299
1304
1293
1293
1300
1304
1305
1303
1300
1297
1305
1305
1297
1303
1299
1294
1301
1300
1302
1290
1297
1292
1309
1299
1307
1299
1374
1300
1302
1300
1300
1303
1304
1298
1304
1304
1304
1290
1306
1302
1301
1305
1296
1294
1290
1305
1293
1298
1298
1299
1293
1294
1299
1298
1298
1297
1291
1298
1295
1298
1292
1301
1296
1302
1298
1299
1302
1302
1297
1299
1304
1298
1300
1294
1293
1303
1305
1294
1299
1306
1309
1300
1298
1296
1297
1292
1297
1302
1304
1295
1301
1301
1309
1299
1302
1311
1307
1299
1305
1294
1301
1301
1292
1302
1299
1301
1298
1299
1296
1307
1300
1308
1297
1314
1301
1309
1370
1300
1299
1298
1300
1310
1300
1296
1302
1297
1302
1301
1307
1299
1301
1302
1303
1480
1302
1297
1305
1303
1295
1305
1301
1298
1302
1301
1293
1304
1301
1302
1306
1300
1297
1302
1293
1301
1300
1293
1301
1301
1303
1304
1306
1300
1304
1302
1308
1300
1301
1300
1312
1301
1311
1299
1299
1306
1304
1301
1303
1304
1302
1300
1299
1302
1303
1302
1303
1300
1308
1308
1301
1302
1302
1294
1305
1301
1302
1299
1303
1307
1304
1301
1299
1299
1308
1304
1313
1306
1300
1304
1304
1297
1298
1303
1302
1302
1301
1304
1302
1297
1302
1299
1304
1292
1298
1293
1298
1306
1298
1293
1295
1290
1293
1301
1294
1292
1297
1299
1304
1303
1293
1302
1290
1290
1303
1302
1298
1296
1290
1302
1300
1303
1301
1306
1303
1306
1299
1297
1302
1292
1293
1293
1298
1307
1304
1301
1302
1299
1301
1298
1302
1298
1302
1300
1296
1301
1307
1300
1353
1307
1300
1306
1315
1298
1302
1304
1297
1306
1297
1309
1305
1298
1307
1298
1300
1303
1316
1308
1307
1301
1302
1305
1302
1297
1305
1297
1308
1301
1300
1299
1298
1303
1300
1299
1303
1301
1300
1311
1297
1302
1300
1304
1303
1299
1300
1295
1301
1298
1301
1301
1308
1302
1298
1302
1304
1302
1304
1302
1297
1302
1299
1301
1300
1300
1295
1294
1289
1296
1296
1291
1297
1299
1299
1295
1299
1298
1297
1302
1303
1288
1297
1297
1297
1297
1306
1297
1300
1299
1301
1304
1296
1297
1303
1299
1294
1302
1297
1298
1297
1301
1292
1299
1300
1296
1296
1294
1302
1301
1303
1301
1299
1290
1289
1296
1294
1297
1294
1296
1299
1294
1300
1300
1297
1290
1294
1301
1305
1306
1293
1302
1290
1293
1292
1295
1298
1301
1298
1299
1301
1300
1307
1294
1289
1296
1296
1295
1307
1295
1302
1295
1301
1298
1300
1302
1303
1303
1309
1299
1307
1306
1301
1303
1304
1300
1306
1303
1302
1304
1296
1303
1306
1305
1301
1307
1300
1301
1294
1298
1293
1294
1294
1298
1303
1299
1310
1297
1303
1300
1301
1300
1315
1301
1304
1300
1297
1299
1303
1304
1309
1310
1303
1301
1299
1304
1302
1303
1299
1302
1301
1302
1307
1295
1298
1300
1302
1300
1302
1302
1306
1298
1301
1307
1305
1302
1299
1294
1303
1306
1304
1305
1297
1303
1303
1300
1307
1307
1299
1307
1300
1297
1301
1307
1302
1299
1302
1296
1302
1294
1296
1308
1300
1310
1311
1297
1305
1300
1297
1301
1297
1294
1299
1298
1297
1303
1298
1304
1300
1303
1296
1300
1303
1292
1298
1297
1294
1302
1298
1297
1298
1297
1292
1306
1305
1298
1302
1308
1302
1302
1298
1299
1302
1301
1299
1298
1292
1301
1291
1304
1291
1295
1294
1299
1291
1293
1292
1302
1303
1300
1305
1298
1298
1298
1302
1290
1291
1296
1290
1291
1299
1297
1294
1298
1291
1299
1299
1298
1303
1300
1298
1299
1296
1299
1289
1297
1297
1303
1296
1300
1293
1298
1292
1302
1299
1300
1300
1291
1300
1293
1296
1300
1301
1301
1295
1298
1300
1300
1300
1300
1297
1300
1298
1306
1290
1301
1296
1302
1295
1300
1300
1304
1303
1307
1303
1300
1304
1310
1302
1295
1299
1290
1299
1300
1300
1297
1303
1294
1301
1296
1302
1293
1296
1289
1316
1300
1290
1299
1295
1296
1291
1299
1301
1302
1294
1294
1296
1298
1296
1301
1296
1291
1294
1293
1293
1293
1297
1293
1293
1294
1294
1296
1295
1287
1287
1294
1293
1290
1290
1295
1234
2477
1306
1297
1306
1305
1315
1302
1301
1297
1303
1298
1304
1299
1297
1322
1303
1307
1310
1308
1293
1298
1292
1310
1310
1296
1295
1295
1290
1292
1278
1294
1306
1309
1297
1291
1284
1294
1295
1300
1292
1294
1295
1306
1291
1297
1302
1290
1292
1311
1297
1294
1301
1302
1293
1319
1292
1307
1298
1300
1299
1308
1298
1297
1304
1296
1299
1284
1308
1299
1303
1299
1299
1294
1302
1301
1304
1297
1293
1307
1310
1302
1298
1298
1298
1299
1313
1302
1305
1302
1296
1304
1313
1305
1304
1296
1297
1300
1306
1294
1302
1298
1302
1299
1289
1302
1302
1304
1298
1303
1310
1299
1294
1300
1294
1295
1298
1312
1304
1300
1304
1295
1300
1310
1303
1299
1297
1306
1297
1310
1302
1301
1301
1294
1308
1287
1306
1300
1302
1300
1304
1309
1302
1299
1297
1300
1296
1296
1314
1302
1294
1298
1300
1302
1312
1297
1299
1300
1300
1300
1311
1300
1303
1292
1298
1302
1315
1294
1316
1299
1307
1300
1314
1293
1298
1293
1293
1288
1301
1290
1291
1293
1294
1296
1294
1299
1292
1298
1297
1290
1295
1308
1291
1297
1292
1292
1296
1296
1290
1292
1297
1292
1290
1304
1289
1298
1292
1296
1291
1277
1284
1289
1291
1290
1291
1280
1293
1299
1294
1293
1286
1291
1304
1296
1292
1299
1291
1288
1304
1290
1301
1290
1289
1290
1303
1297
1289
1300
1296
1296
1318
1300
1294
1291
1291
1295
1291
1320
1293
1296
1301
1299
1296
1310
1296
1298
1294
1291
1299
1310
1294
1287
1300
1290
1296
1289
1303
1300
1298
1290
1282
1284
1299
1292
1286
1291
1294
1279
1296
1294
1289
1291
1291
1293
1306
1297
1289
1304
1291
1302
1306
1292
1290
1288
1291
1294
1304
1293
1286
1287
1295
1289
1309
1292
1300
1289
1290
1292
1289
1305
1292
1291
1288
1299
1306
1307
1288
1299
1294
1301
1292
1299
1291
1296
1295
1296
1296
1310
1292
1292
1290
1294
1298
1289
1307
1287
1294
1294
1299
1285
1294
1287
1291
1295
1299
1303
1302
1295
1296
1294
1306
1293
1303
1296
1298
1294
1303
1297
1314
1297
1299
1311
1297
1285
1298
1292
1295
1292
1298
1300
1299
1304
1290
1304
1292
1295
1299
1307
1291
1293
1293
1295
1293
1305
1282
1287
1300
1290
1293
1309
1293
1299
1295
1292
1296
1296
1286
1299
1295
1291
1281
1291
1297
1298
1290
1292
1288
1280
1288
1295
1289
1288
1293
1283
1305
1296
1293
1285
1283
1290
1311
1295
1298
1295
1290
1280
1284
1294
1293
1290
1286
1289
1295
1296
1292
1284
1288
1290
1289
1310
1293
1292
1291
1287
1288
