2596
2813
2536
2526
2536
2553
2558
2434
3470
2730
3228
2734
2173
1280
1279
1281
1271
1283
1301
1279
1274
1282
1275
1287
1278
1273
1298
1282
1287
1308
1283
1208
1327
1304
1283
1291
1279
1276
1281
1282
1282
1287
1279
1279
1275
1274
1277
1285
1286
1282
1276
1283
1275
1268
1277
1345
1278
1279
1280
1278
1296
1274
1283
1277
1277
1282
1202
1325
1288
1285
1285
1279
1293
1281
1274
1288
1278
1261
1301
1354
1282
1280
1278
1269
1289
1290
1281
1286
1285
1265
1291
1279
1285
1273
1278
1278
1317
1280
1287
1285
1284
1284
1312
1288
1279
1284
1284
1311
1328
1286
1351
1438
1285
1291
1324
1282
1282
1287
1282
1278
1331
1286
1288
1282
1289
1284
1332
1284
1283
1281
1279
1283
1321
1279
1337
1285
1286
1292
1302
1286
1280
1283
1282
1282
1305
1289
1283
1281
1286
1285
1300
1283
1287
1282
1295
1285
1308
1284
1284
1284
1258
1285
1265
1288
1346
1285
1283
1286
1300
1287
1283
1289
1280
1288
1306
1288
1283
1274
1281
1404
1307
1283
1284
1282
1288
1289
1300
1284
1317
1286
1296
1288
1277
1282
1778
2402
1284
1308
1284
1281
1306
1277
1287
1308
1286
1308
1278
1287
1288
1306
1280
1295
1281
1283
1278
1306
1281
1280
1285
1288
1282
1302
1283
1279
1284
1287
1279
1310
1288
1285
1285
1282
1284
1306
1276
1281
1283
1285
1280
1308
1286
1287
1285
1283
1283
1305
1284
1283
1282
1282
1281
1267
1291
1283
1288
1286
1280
1270
1287
1280
1274
1276
1276
1273
1304
1280
1277
1282
1274
1275
1291
1281
1276
1289
1276
1273
1290
1283
1277
1265
1256
1308
1297
1280
1280
1275
1261
1276
1287
1285
1266
1281
1258
1272
1322
1308
1278
1285
1279
1289
1314
1283
1281
1277
1298
1321
1328
1280
1623
1281
1280
1286
1288
1277
1277
1285
1287
1288
1289
1289
1279
1280
1301
1282
1281
1282
1283
1286
1284
1285
1268
1320
1287
1278
1260
1375
1289
1278
1283
1277
1284
1282
1296
1281
1278
1290
1296
1275
1282
1281
1589
1814
1282
1287
1303
1203
1286
1284
1277
1269
1283
1285
1277
1283
1274
1286
1288
1276
1284
1287
1281
1277
1282
1282
1257
1275
1279
1268
1275
1276
1277
1278
1276
1276
1296
1288
1293
1320
1280
1278
1302
1283
1286
1286
1278
1284
1306
1278
1278
1275
1284
1281
1296
1279
1289
1280
1284
1281
1284
1281
1278
1283
1275
1284
1283
1282
1273
1281
1280
1273
1275
1281
1275
1282
1276
1323
1287
1273
1834
1537
1274
1276
1287
1465
1866
1283
1258
1269
1273
1201
1310
1270
1336
1309
1272
1274
1280
1324
1280
1300
1273
1365
1325
1359
1373
1426
1373
1365
1368
1361
1373
1438
1311
1288
1292
1284
1284
1374
1297
1326
1351
1357
1311
1364
1465
1347
1348
1339
1351
1418
1411
1343
1288
1300
1280
1399
1593
2239
2239
2395
1335
1293
1277
1287
1284
1198
2259
1840
1284
1289
2091
2303
1290
1286
1130
2273
1338
1295
1287
1293
2123
2174
1900
1374
1742
2310
1376
1286
1742
1417
1285
1311
1311
1308
2201
2345
2307
1554
1254
2293
1314
1294
1318
2230
2111
1306
1290
1476
1281
1287
1284
1285
1279
1429
1282
1275
1286
1284
1286
1433
1295
1300
1301
1288
1301
1442
1306
1290
1300
1288
1279
1476
1282
1277
1287
1284
1053
1462
1277
1287
1284
1286
1289
1455
1297
1298
1295
1292
1427
1304
1292
1298
1298
1291
1250
1378
1290
1296
1299
1289
1296
1446
1300
1296
1296
1293
1393
1300
1294
1297
1298
1296
1170
1315
1294
1295
1296
1302
1446
1295
1291
1299
1294
1294
1430
1294
1293
1294
1293
1290
1445
1292
1299
1299
1303
1301
1300
1299
1293
1297
1300
1292
1583
2282
1618
1298
1298
1442
1297
1295
1300
1292
1292
1482
1339
1321
1327
1330
1298
1393
2220
1302
1301
1297
1446
1294
1298
1296
1289
1296
1253
2307
1297
1301
1297
1445
1297
1293
1304
1290
1303
1296
1292
1290
1301
1297
1303
1788
1438
1294
1292
1296
1290
2043
1306
1298
1298
1304
1513
1735
1296
1402
1300
1182
2090
1302
1304
1294
1297
2440
1296
1300
1298
1305
1090
2277
2286
2280
1582
1308
1490
2467
1301
1920
2113
1303
1301
1226
2310
1719
1305
1301
1236
2349
1309
1298
1302
1300
2380
1314
1309
1318
1302
1333
1800
1299
1300
1296
1142
2294
1516
1308
1305
1233
2312
1319
1304
1306
1297
1999
1563
1307
1303
1301
1815
1752
1300
1296
1307
1301
2232
1313
1306
1302
1305
2007
1575
1312
1305
1303
1798
1778
1300
1297
1302
1592
2016
1296
1301
1302
1381
2179
1311
1304
1308
1540
1603
1302
1304
1301
1308
2244
1304
1299
1302
1227
1947
1300
1301
1300
1300
1219
2258
1304
1300
1295
1301
2278
1299
1299
1298
1301
1176
1956
1298
1295
1301
1301
1671
1506
1305
1315
1303
1473
1678
1298
1297
1298
1304
1307
1821
1290
1288
1299
1296
2312
1302
1305
1299
1302
1620
1610
1375
1368
1469
1378
1370
1363
1367
1299
1266
2327
1441
1357
1345
1336
2439
1379
1303
1229
2102
2499
1312
1307
1266
2080
1578
1313
1301
1304
1439
2291
1640
1305
1302
1957
1659
1309
1306
1301
1211
1799
1306
1301
1298
1299
2144
1298
1301
1298
1305
1352
1649
1303
1305
1299
1299
2093
1303
1294
1296
1297
1836
1339
1299
1314
1331
1699
1762
1306
1308
1303
1303
2010
1303
1303
1294
1302
1209
1472
1299
1299
1303
1300
1676
1299
1299
1303
1301
1293
1804
1297
1304
1303
1292
1092
1531
1303
1307
1292
1294
1287
1326
1299
1288
1297
1295
1782
1303
1302
1290
1298
1302
1781
1291
1296
1301
1295
1129
1644
1299
1303
1290
1295
1750
1299
1300
1288
1305
1304
1287
1326
1312
1301
1452
1296
1838
1292
1300
1291
1305
1602
1297
1303
1295
1299
1302
1833
1299
1306
1309
1292
903
2437
1388
1299
1295
1313
1328
1292
1293
1295
1298
1119
1542
1295
1305
1296
1300
1260
2323
2091
1308
1306
1561
1301
1308
1317
1313
1175
2270
1904
1333
1303
1307
1634
2303
2388
1328
1304
2043
2318
2206
1325
1163
3732
2313
1728
1294
1296
1304
1306
1600
2314
2188
1405
1105
2322
2489
1315
1129
2335
2457
1421
1298
1738
2337
1984
1319
1826
2353
1735
1433
1317
2341
2292
1492
1337
2206
2342
1478
1318
1340
2356
2475
1331
1126
2355
2492
1331
2198
2079
1331
1317
1096
2327
1730
1332
1306
1730
2266
1377
1301
1394
1115
2303
1649
1295
1329
1545
2482
1303
1283
1323
1296
1302
1297
1298
1293
1319
1290
1298
1286
1292
1287
1328
1294
1292
1292
1303
1301
1329
1306
1301
1315
1287
1282
1330
1278
1291
1294
1289
1288
1330
1291
1285
1284
1293
1277
1315
1289
1286
1285
1288
1296
1341
1304
1294
1299
1294
1298
1323
1295
1283
1287
1283
1293
1309
1277
1287
1288
1293
1294
1320
1298
1300
1291
1295
1298
1320
1302
1302
1299
1304
1288
1313
1298
1299
1301
1292
1293
1317
1305
1298
1300
1296
1290
1325
1305
1298
1292
1294
1295
1317
1301
1301
1293
1280
1275
1305
1279
1285
1280
1283
1283
1305
1286
1281
1287
1280
1285
1304
1289
1284
1285
1290
1284
1318
1284
1283
1292
1280
1286
1312
1622
2232
2237
2263
1622
1295
1287
1292
1318
1293
1288
1292
1289
1292
1302
1299
1288
1285
1278
1292
1264
1280
1274
1282
1281
1290
1272
1279
1287
1284
1289
1279
1278
1309
1286
1284
1276
1286
1306
1289
1282
1286
1283
1284
1304
1287
1287
1281
1280
1281
1313
1296
1298
1283
1278
1273
1293
1299
1299
1298
1295
1279
1250
1286
1294
1296
1313
1300
1297
1302
1285
1284
1280
1278
1273
1307
1274
1261
1269
1273
1257
1310
1289
1275
1281
1274
1258
1310
1285
1263
1266
1270
1276
1317
1275
1285
1268
1279
1281
1326
1290
1282
1293
1280
1280
1322
1300
1286
1297
1291
1287
1326
1306
1293
1294
1296
1300
1319
1293
1279
1270
1286
1281
1313
1295
1297
1292
1298
1294
1321
1291
1319
1299
1298
1294
1325
1323
1297
1302
1290
1300
1337
1293
1281
1283
1286
1300
1316
1304
1296
1288
1296
1290
1328
1295
1302
1294
1301
1286
1318
1274
1297
1283
1281
1281
1314
1277
1283
1280
1283
1282
1317
1279
1278
1283
1278
1284
1313
1281
1281
1282
1277
1276
1309
1279
1285
1283
1267
1268
1305
1274
1271
1264
1261
1284
1269
1301
1281
1295
1279
1280
1265
1305
1309
1297
1277
1273
1281
1327
1297
1283
1297
1288
1288
1310
1295
1287
1279
1281
1292
1322
1277
1280
1279
1284
1285
1317
1282
1283
1277
1283
1261
1300
1292
1282
1279
1281
1283
1321
1296
1272
1276
1282
1287
1321
1280
1262
1267
1281
1255
1306
1276
1282
1294
1291
1275
1312
1271
1271
1273
1266
1263
1302
1284
1272
1268
1279
1267
1307
1287
1272
1266
1265
1268
1343
1293
1289
1278
1278
1273
1327
1293
1288
1283
1285
1279
1325
1248
1283
1290
1279
1307
1338
1298
1286
1279
1273
1284
1305
1289
1264
1285
1260
1269
1290
1275
1283
1265
1271
1273
1257
1284
1289
1276
1264
1280
1271
1309
1261
1275
1277
1277
1270
1297
1267
1264
1258
1264
1287
1323
1267
1262
1275
1304
1266
1304
1272
1267
1264
1267
1263
1308
1282
1272
1263
1267
1262
1308
1270
1277
1268
1269
1260
1311
1275
1272
1281
1279
1286
1313
1288
1278
1275
1269
1269
1312
1279
1264
1269
1286
1269
1307
1281
1282
1280
1273
1269
1299
1282
1271
1276
1261
1281
1263
1284
1269
1282
1277
1270
1268
1304
1274
1273
1266
1267
1268
1305
1267
1283
1280
1283
1322
1288
1288
1282
1282
1277
1298
1292
1281
1291
1278
1276
1255
1280
1295
1286
1282
1284
1274
1321
1279
1279
1283
1276
1283
1320
1297
1275
1278
1276
1277
1323
1290
1310
1294
1294
1282
1335
1296
1295
1279
1287
1277
1297
1261
1269
1263
1270
1273
1306
1276
1269
1265
1259
1282
1311
1278
1268
1269
1265
1269
1305
1301
1287
1269
1281
1261
1328
1285
1283
1269
1278
1266
1309
1272
1270
1267
1268
1264
1297
1282
1267
1269
1267
1269
1309
1314
1295
1297
1290
1280
1344
1274
1266
1283
1271
1263
1250
1276
1266
1263
1285
1296
1271
1338
1304
1305
1307
1308
1302
1345
1310
1312
1290
1292
1286
1341
1298
1292
1297
1307
1333
1290
1279
1286
1299
1294
1350
1305
1317
1297
1297
1289
1351
1310
1310
1298
1296
1289
1326
1302
1298
1303
1292
1301
1339
1304
1298
1297
1286
1285
1323
1287
1286
1280
1281
1287
1321
1273
1283
1279
1273
1283
1306
1280
1283
1279
1283
1279
1302
1283
1275
1284
1265
1281
1304
1289
1280
1275
1283
1273
1271
1286
1281
1273
1281
1270
1269
1291
1280
1265
1268
1270
1291
1303
1276
1266
1268
1291
1272
1302
1276
1269
1266
1267
1274
1305
1283
1287
1267
1269
1256
1303
1273
1275
1271
1270
1261
1312
1291
1285
1279
1234
1287
1311
1291
1293
1287
1294
1296
1344
1291
1298
1278
1287
1283
1322
1300
1284
1286
1281
1280
1319
1284
1279
1291
1277
1279
1326
1302
1278
1285
1289
1285
1328
1298
1295
1288
1292
1294
1328
1294
1298
1290
1293
1296
1313
1284
1287
1280
1283
1296
1314
1286
1282
1279
1284
1282
1319
1284
1281
1281
1278
1284
1307
1289
1281
1277
1284
1276
1313
1288
1288
1277
1285
1280
1318
1278
1288
1279
1277
1285
1311
1286
1283
1286
1281
1285
1311
1283
1284
1269
1282
1270
1310
1282
1283
1268
1274
1268
1308
1286
1273
1278
1278
1286
1294
1287
1261
1289
1254
1286
1273
1383
1291
1577
2252
1353
1329
1291
2255
2363
1326
1550
2288
2023
1289
1299
1912
2308
1659
1280
1508
2274
2055
1312
1557
2205
2477
1291
1334
1571
2275
2067
1306
1302
1302
1675
2379
1303
1304
1882
2360
1315
1313
1092
2312
1769
1311
1307
1190
2306
1894
1312
1273
2235
2453
1297
1308
1299
1909
2364
1296
1313
1777
2308
1467
1298
1311
2022
2427
1313
1298
1310
1203
2291
1614
1312
1326
1946
2239
1304
1285
1240
2320
1827
1315
1311
1834
2277
1300
1293
1301
1311
1289
1299
1294
1284
1290
1298
1292
1290
1293
1288
1312
1299
1315
1302
1304
1296
1303
1287
1301
1303
1293
1303
1304
1302
1306
1297
1299
1297
1300
1295
1303
1296
1301
1300
1304
1295
1303
1280
1279
1283
1284
1285
1294
1286
1288
1283
1284
1288
1295
1282
1271
1282
1281
1288
1283
1283
1296
1300
1297
1302
1300
1295
1298
1297
1291
1289
1296
1296
1297
1294
1296
1296
1296
1296
1296
1295
1296
1296
1302
1300
1299
1298
1295
1292
1297
1299
1295
1294
1293
1296
1298
1298
1294
1301
1297
1295
1296
1300
1296
1290
1298
1294
1298
1290
1296
1290
1294
1299
1300
1291
1294
1298
1301
1296
1294
1294
1301
1294
1295
1297
1297
1300
1290
1296
1296
1296
1292
1300
1293
1297
1302
1294
1299
1294
1298
1294
1296
1298
1293
1290
1300
1293
1297
1290
1298
1301
1297
1299
1298
1302
1292
1301
1281
1289
1293
1295
1305
1298
1289
1294
1297
1297
1294
1298
1292
1294
1301
1297
1300
1303
1301
1297
1300
1299
1299
1297
1304
1299
1299
1301
1299
1290
1284
1288
1295
1291
1300
1290
1299
1295
1300
1296
1295
1302
1291
1294
1297
1297
1295
1298
1282
1287
1296
1297
1299
1302
1282
1298
1298
1302
1293
1301
1293
1293
1293
1302
1298
1303
1291
1302
1292
1303
1293
1302
1300
1295
1301
1295
1295
1294
1296
1299
1295
1300
1294
1297
1295
1291
1295
1300
1296
1296
1296
1297
1286
1279
1288
1297
1294
1284
1284
1293
1297
1297
1299
1300
1296
1296
1293
1293
1294
1300
1297
1296
1300
1298
1303
1298
1305
1298
1299
1294
1306
1295
1293
1298
1301
1302
1298
1295
1301
1297
1297
1296
1296
1299
1297
1299
1293
1299
1295
1293
1301
1293
1298
1296
1295
1299
1304
1294
1282
1287
1283
1286
1286
1284
1282
1284
1283
1291
1283
1288
1286
1286
1290
1288
1282
1284
1286
1284
1285
1288
1285
1284
1306
1294
1286
1286
1299
1293
1298
1294
1281
1301
1296
1303
1292
1300
1293
1295
1296
1300
1298
1296
1298
1304
1297
1298
1302
1303
1301
1300
1295
1284
1286
1280
1293
1300
1297
1302
1296
1300
1296
1294
1297
1301
1299
1292
1290
1292
1291
1297
1292
1301
1294
1295
1286
1289
1278
1284
1284
1296
1299
1295
1290
1298
1301
1298
1299
1296
1295
1295
1296
1297
1297
1299
1301
1297
1299
1295
1295
1294
1298
1302
1297
1293
1295
1295
1300
1302
1303
1295
1296
1298
1296
1297
1297
1294
1297
1301
1287
1284
1288
1282
1285
1283
1285
1282
1283
1284
1296
1295
1291
1297
1297
1303
1293
1298
1300
1296
1295
1298
1299
1294
1297
1293
1301
1292
1300
1291
1299
1300
1299
1293
1294
1292
1290
1294
1299
1295
1298
1300
1295
1298
1295
1302
1298
1296
1297
1297
1292
1295
1287
1302
1302
1298
1295
1283
1299
1295
1292
1297
1297
1299
1296
1290
1299
1302
1301
1300
1306
1298
1301
1300
1290
1298
1296
1293
1304
1300
1299
1295
1298
1295
1292
1296
1302
1300
1105
2421
1299
1299
1294
1294
1300
1295
1303
1299
1298
1295
1301
1299
1300
1297
1296
1297
1297
1296
1293
1298
1294
1298
1292
1294
1294
1296
1300
1293
1299
1301
1300
1295
1301
1305
1298
1300
1300
1299
1294
1300
1294
1302
1300
1297
1296
1294
1299
1293
1295
1291
1296
1297
1298
1297
1299
1296
1295
1302
1297
1296
1294
1291
1289
1290
1287
1297
1297
1292
1292
1298
1301
1300
1293
1300
1293
1299
1291
1288
1290
1295
1298
1299
1301
1294
1301
1295
1300
1293
1296
1298
1296
1298
1287
1296
1289
1295
1297
1298
1301
1291
1294
1300
1289
1296
1299
1298
1293
1300
1296
1289
1296
1298
1296
1296
1300
1295
1296
1297
1302
1298
1298
1294
1294
1292
1296
1290
1297
1296
1294
1298
1297
1296
1297
1300
1296
1298
1294
1300
1295
1303
1301
1292
1298
1298
1297
1299
1298
1296
1299
1298
1298
1296
1290
1291
1300
1298
1298
1294
1290
1305
1306
1301
1300
1300
1297
1297
1303
1295
1303
1298
1293
1299
1301
1295
1294
1294
1302
1292
1297
1295
1297
1294
1296
1294
1298
1297
1298
1296
1301
1293
1297
1299
1298
1296
1291
1297
1296
1303
1296
1299
1296
1301
1297
1296
1292
1290
1295
1291
1302
1294
1292
1297
1301
1298
1297
1291
1300
1295
1301
1301
1296
1296
1296
1301
1292
1296
1297
1296
1296
1300
1298
1301
1298
1298
1304
1300
1295
1289
1298
1297
1289
1298
1303
1295
1301
1295
1296
1296
1304
1288
1298
1298
1300
1296
1296
1300
1292
1298
1294
1294
1297
1297
1299
1295
1299
1296
1296
1303
1301
1297
1294
1293
1299
1300
1293
1298
1299
1302
1297
1301
1305
1299
1293
1295
1300
1300
1292
1296
1296
1298
1295
1299
1290
1304
1302
1299
1296
1299
1302
1294
1294
1295
1299
1293
1294
1297
1292
1302
1299
1301
1293
1293
1297
1290
1298
1299
1297
1302
1290
1289
1297
1296
1305
1296
1295
1292
1296
1303
1299
1302
1299
1302
1298
1302
1301
1295
1296
1299
1299
1295
1300
1298
1315
1298
1300
1296
1301
1294
1300
1299
1288
1297
1302
1292
1301
1293
1301
1298
1295
1301
1293
1298
1295
1297
1301
1301
1292
1297
1299
1306
1292
1298
1302
1293
1303
1297
1291
1296
1299
1284
1282
1278
1286
1282
1283
1286
1276
1284
1282
1284
1281
1285
1282
1289
1277
1283
1282
1275
1284
1280
1341
1285
1284
1287
1283
1276
1281
1285
1282
1283
1284
1285
1283
1282
1286
1282
1277
1284
1283
1273
1270
1269
1287
1281
1284
1278
1280
1281
1300
1303
1298
1296
1299
1300
1298
1293
1298
1299
1296
1296
1294
1294
1298
1292
1278
1284
1292
1302
1276
1300
1280
1280
1293
1296
1288
1283
1291
1282
1294
1286
1282
1280
1283
1281
1286
1292
1283
1279
1285
1278
1287
1291
1292
1287
1286
1285
1285
1298
1285
1287
1287
1276
1292
1300
1298
1281
1298
1282
1291
1294
1295
1356
1304
1297
1299
1297
1300
1295
1301
1301
1295
1301
1301
1300
1296
1322
1302
1300
1441
1296
1296
1301
1296
1296
1291
1300
1298
1294
1295
1288
1299
1294
1290
1289
1297
1295
1297
1292
1294
1290
1296
1293
1298
1296
1291
1299
1294
1300
1294
1299
1293
1293
1296
1298
1306
1299
1297
1299
1302
1294
1295
1295
1294
1302
1289
1294
1296
1297
1298
1290
1298
1298
1287
1296
1292
1292
1293
1294
1291
1297
1300
1297
1297
1298
1294
1294
1294
1281
1294
1295
1293
1295
1293
1287
1297
1293
1298
1292
1298
1288
1300
1294
1300
1300
1291
1298
1286
1289
1293
1297
1296
1304
1294
1294
1298
1296
1300
1299
1295
1301
1295
1291
1291
1283
1297
1290
1288
1290
1287
1282
1290
1294
1283
1289
1286
1281
1289
1296
1288
1291
1284
1290
1291
1300
1285
1277
1283
1286
1297
1287
1293
1279
1290
1281
1293
1290
1293
1277
1289
1287
1294
1297
1353
1287
1286
1284
1286
1282
1285
1281
1281
1287
1288
1284
1284
1283
1293
1295
1280
1286
1283
1282
1283
1284
1285
1281
1284
1277
1281
1282
1285
1284
1286
1282
1281
1285
1287
1282
1283
1286
1285
1288
1284
1287
1279
1288
1275
1283
1282
1287
1285
1295
1298
1294
1293
1300
1297
1298
1297
1297
1299
1294
1293
1300
1296
1700
2384
2400
2431
2585
1295
1286
1288
1294
1299
1282
1293
1300
1297
1298
1301
1284
1282
1282
1286
1284
1283
1287
1284
1288
1285
1294
1282
1282
1344
1288
1282
1281
1283
1284
1285
1282
1284
1279
1281
1287
1285
1284
1280
1278
1284
1287
1294
1295
1297
1301
1280
1291
1290
1286
1283
1289
1289
1294
1295
1300
1298
1297
1296
1291
1293
1283
1288
1280
1288
1287
1287
1282
1277
1286
1281
1280
1276
1281
1281
1284
1281
1287
1287
1286
1284
1293
1285
1287
1284
1280
1279
1272
1284
1271
1286
1275
1280
1279
1298
1291
1298
1297
1290
1294
1292
1268
1290
1292
1275
1291
1269
1272
1277
1282
1271
1290
1267
1283
1296
1284
1294
1304
1284
1286
1302
1292
1299
1292
1302
1285
1296
1288
1284
1282
1281
1285
1282
1288
1267
1269
1279
1287
1283
1282
1278
1272
1270
1288
1285
1284
1287
1268
1281
1277
1284
1278
1289
1278
1271
1285
1287
1282
1285
1281
1281
1285
1284
1280
1283
1279
1273
1279
1281
1277
1281
1268
1278
1273
1291
1273
1281
1273
1269
1274
1286
1274
1273
1276
1274
1282
1271
1275
1264
1288
1272
1280
1275
1280
1283
1274
1275
1276
1286
1288
1283
1284
1285
1271
1280
1286
1282
2078
1599
1291
1279
1276
1286
1284
1288
1287
1282
1285
1291
1292
1282
1275
1287
1289
1290
1286
1265
1292
1288
1283
1269
1281
1267
1273
1282
1284
1279
1283
1278
1264
1284
1275
1285
1277
1278
1276
1288
1279
1283
1277
1270
1288
1278
1283
1281
1286
1269
1280
1281
1282
1279
1285
1274
1284
1287
1280
1310
1283
1287
1282
1289
1281
1289
1289
1284
1285
1289
1280
1286
1284
1281
1287
1282
1286
1286
1284
1283
1286
1286
1288
1288
1284
1285
1289
1282
1287
1285
1282
1291
1280
1284
1281
1286
1288
1288
1287
1286
1285
1287
1282
1282
1285
1286
1282
1282
1292
1287
1287
1284
1290
1287
1285
1288
1284
1283
1283
1287
1288
1286
1279
1280
1279
1286
1280
1270
1281
1279
1288
1268
1286
1274
1271
1270
1286
1302
2327
1315
1285
1298
1288
1309
1299
1312
1306
1309
1287
1266
1283
1277
1298
1282
1297
1285
1298
1284
1294
1283
1293
1297
1272
1289
1280
1300
1283
1317
1294
1314
1280
1310
1298
1304
1279
1281
1307
1293
1316
1285
1315
1289
1305
1298
1319
1429
1306
1284
1257
1294
1274
1300
1276
1307
1262
1313
1278
1299
1273
1255
1264
1293
1296
1275
1298
1279
1321
1325
1321
1305
1305
1266
1266
1295
1290
1316
1286
1297
1284
1297
1262
1314
1278
1286
1283
1275
1276
1279
1290
1270
1302
1301
1310
1284
1295
1279
1265
1304
1288
1284
1265
1282
1267
1316
1295
1311
1278
1302
1287
1280
1299
1272
1296
1283
1299
1297
1315
1297
1300
1287
1266
1294
1290
1301
1288
1297
1281
1313
1305
1298
1283
1298
1281
1279
1292
1288
1302
1276
1296
1297
1302
1283
1299
1281
1286
1299
1291
1302
1287
1301
1279
1319
1291
1300
1295
1314
1298
1292
1302
1279
1305
1283
1299
1287
1326
1276
1303
1279
1293
1297
1280
1296
1278
1297
1279
1313
1286
1306
1273
1317
1273
1306
1288
1269
1296
1289
1291
1283
1327
1288
1289
1277
1298
1281
1316
1268
1289
1294
1282
1312
1295
1278
1269
1290
1282
1296
1303
1275
1276
1280
1297
1285
1306
1281
1293
1280
1290
1271
1271
1287
1283
1295
1288
1289
1303
1290
1272
1279
1280
1301
1300
1251
1264
1269
1282
1291
1296
1270
1279
1287
1311
1306
1269
1271
1295
1279
1289
1302
1287
1293
1270
1296
1275
1254
1303
1282
1285
1276
1294
1277
1310
1295
1297
1283
1295
1285
1281
1297
1290
1291
1278
1306
1293
1295
1290
1289
1282
1295
1302
1281
1308
1271
1299
1276
1318
1287
1294
1278
1297
1273
1276
1302
1283
1305
1283
1305
1296
1308
1298
1314
1294
1309
1296
1280
1297
1297
1307
1292
1314
1293
1311
1292
1313
1295
1315
1294
1269
1295
1308
1315
1298
1307
1300
1312
1295
1311
1296
1312
1301
1320
1303
1294
1295
1306
1310
1303
1285
1296
1323
1294
1308
1292
1310
1291
1282
1296
1301
1314
1298
1309
1300
1311
1306
1309
1295
1307
1299
1274
1288
1296
1316
1298
1298
1295
1311
1300
1312
1300
1312
1300
1278
1295
1296
1321
1293
1310
1290
1313
1296
1321
1298
1314
1298
1277
1300
1298
1315
1289
1319
1295
1315
1295
1304
1299
1303
1298
1313
1301
1280
1304
1281
1317
1294
1317
1291
1320
1296
1316
1295
1301
1291
1275
1296
1296
1318
1298
1317
1293
1305
1292
1296
1283
1303
1291
1272
1281
1273
1318
1297
1343
1270
1298
1265
1305
1284
1260
1279
1290
1291
1286
1299
1279
1297
1284
1290
1289
1302
1295
1281
1279
1272
1313
1287
1302
1278
1308
1274
1312
1296
1313
1283
1264
1276
1292
1296
1299
1305
1285
1304
1298
1304
1296
1310
1281
1296
1317
1291
1304
1299
1293
1282
1298
1282
1309
1283
1261
1282
1279
1287
1282
1292
1266
1281
1277
1299
1277
1296
1281
1265
1302
1292
1291
1286
1286
1268
1293
1284
1277
1272
1271
1277
1285
1309
1292
1294
1289
1272
1283
1293
1276
1270
1297
1263
1289
1285
1298
1287
1314
1283
1313
1296
1298
1273
1258
1287
1288
1311
1281
1293
1280
1301
1280
1297
1281
1253
1284
1280
1310
1294
1297
1280
1297
1264
1286
1285
1297
1270
1272
1292
1276
1316
1273
1299
1275
1295
1282
1305
1289
1270
1283
1281
1307
1297
1297
1271
1285
1266
1284
1283
1256
1281
1284
1295
1287
1311
1281
1297
1278
1289
1278
1313
1274
1267
1277
1272
1296
1300
1291
1282
1280
1263
1287
1279
1261
1285
1276
1317
1292
1306
1294
1312
1302
1311
1272
1298
1276
1278
1279
1279
1294
1302
1303
1293
1295
1284
1290
1302
1286
1285
1283
1300
1272
1312
1292
1286
1267
1284
1257
1289
1283
1275
1278
1274
1298
1285
1302
1280
1289
1281
1293
1284
1277
1301
1296
1362
1296
1317
1294
1315
1293
1314
1291
1311
1284
1262
1295
1287
1323
1294
1311
1298
1323
1294
1310
1292
1308
1289
1282
1294
1303
1301
1285
1304
1284
1303
1286
1300
1275
1301
1281
1265
1284
1287
1310
1299
1310
1289
1353
1287
1320
1297
1314
1294
1281
1299
1294
1306
1298
1305
1296
1309
1305
1313
1291
1308
1345
1314
1290
1299
1290
1288
1294
1296
1311
1297
1311
1299
1306
1292
1310
1283
1280
1297
1284
1301
1283
1301
1285
1298
1285
1301
1289
1264
1288
1287
1293
1282
1293
1287
1303
1281
1313
1300
1310
1296
1264
1298
1300
1314
1296
1314
1279
1283
1279
1292
1288
1290
1279
1266
1288
1285
1298
1282
1291
1277
1307
1301
1299
1289
1270
1285
1275
1305
1283
1290
1278
1302
1274
1299
1278
1252
1286
1267
1288
1286
1287
1267
1291
1267
1292
1278
1294
1266
1273
1279
1262
1308
1272
1284
1262
1285
1268
1300
1288
1257
1271
1269
1292
1286
1310
1282
1299
1281
1299
1301
1278
1288
1282
1297
1283
1313
1288
1319
1277
1297
1279
1316
1298
1284
1286
1277
1296
1295
1302
1286
1307
1286
1300
1290
1304
1281
1282
1306
1287
1313
1301
1306
1274
1294
1281
1306
1286
1274
1277
1281
1296
1296
1312
1291
1293
1285
1297
1296
1297
1280
1278
1276
1269
1298
1294
1284
1273
1284
1270
1294
1273
1271
1271
1270
1298
1292
1313
1277
1284
1270
1282
1279
1257
1271
1271
1276
1269
1295
1282
1283
1278
1278
1266
1247
1284
1267
1283
1267
1283
1273
1301
1285
1296
1275
1265
1280
1297
1286
1268
1285
1262
1291
1292
1295
1278
1265
1289
1273
1313
1280
1296
1284
1298
1282
1310
1285
1301
1275
1248
1271
1283
1283
1264
1282
1258
1286
1284
1291
1272
1250
1265
1272
1295
1281
1283
1264
1278
1274
1295
1270
1238
1274
1263
1285
1282
1290
1274
1286
1269
1285
1276
1273
1278
1279
1292
1281
1312
1289
1313
1296
1313
1296
1318
1301
1283
1295
1295
1323
1282
1301
1282
1300
1292
1309
1303
1295
1301
1300
1296
1300
1298
1296
1296
1297
1296
1305
1306
1299
1295
1294
1298
1302
1295
1300
1295
1297
1289
1288
1294
1291
1297
1291
1297
1293
1290
1292
1300
1289
1292
1292
1293
1298
1291
1298
1296
1296
1290
1295
1299
1297
1292
1297
1298
1295
1292
1305
1291
1302
1296
1297
1291
1295
1294
1290
1298
1292
1295
1291
1298
1291
1295
1288
1300
1285
1273
1275
1279
1277
1284
1280
1283
1280
1281
1278
1279
1285
1278
1267
1280
1282
1279
1278
1293
1284
1296
1296
1283
1284
1291
1289
1298
1288
1276
1299
1277
1298
1281
1295
1280
1282
1281
1300
1288
1289
1288
1285
1280
1281
1282
1306
1288
1271
1279
1275
1286
1296
1283
1280
1281
1286
1284
1297
1280
1278
1281
1282
1283
1298
1288
1278
1277
1275
1280
1287
1286
1296
1296
1282
1302
1295
1288
1281
1287
1297
1283
1305
1278
1277
1275
1279
1269
1299
1279
1281
1277
1279
1296
1297
1291
1282
1279
1285
1273
1295
1285
1284
1295
1288
1281
1296
1294
1274
1284
1285
1277
1296
1292
1280
1280
1277
1285
1293
1293
1284
1283
1286
1288
1301
1278
1283
1279
1272
1277
1299
1292
1271
1280
1279
1280
1287
1292
1295
1284
1276
1280
1290
1277
1276
1283
1279
1279
1289
1293
1281
1275
1282
1278
1291
1293
1280
1282
1276
1293
1299
1296
1291
1286
1278
1296
1299
1300
1281
1287
1274
1280
1291
1301
1279
1286
1277
1282
1289
1293
1289
1285
1286
1284
1287
1291
1269
1298
1279
1289
1314
1298
1289
1283
1283
1296
1284
1315
1274
1301
1268
1286
1278
1293
1279
1247
1280
1266
1287
1282
1286
1264
1284
1266
1278
1288
1250
1268
1262
1288
1265
1298
1282
1302
1273
1286
1278
1276
1300
1279
1301
1275
1299
1297
1298
1281
1298
1275
1299
1292
1258
1283
1276
1324
1276
1318
1283
1300
1278
1293
1275
1282
1286
1283
1296
1280
1289
1288
1314
1280
1296
1263
1292
1288
1272
1270
1279
1295
1282
1296
1278
1293
1269
1301
1270
1270
1278
1290
1289
1274
1288
1279
1290
1273
1277
1276
1261
1293
1288
1294
1292
1299
1284
1305
1287
1302
1277
1290
1277
1282
1278
1280
1280
1262
1281
1277
1295
1267
1277
1276
1263
1290
1280
1282
1263
1280
1272
1290
1281
1277
1269
1263
1301
1263
1301
1279
1287
1263
1288
1269
1297
1274
1265
1271
1270
1300
1286
1302
1288
1296
1293
1295
1284
1269
1287
1267
1282
1266
1298
1283
1299
1264
1291
1272
1268
1272
1264
1294
1261
1290
1294
1305
1292
1305
1282
1292
1280
1281
1296
1270
1286
1266
1300
1277
1290
1278
1289
1270
1278
1275
1270
1276
1260
1286
1284
1290
1263
1278
1271
1247
1280
1275
1281
1265
1280
1273
1298
1271
1297
1260
1256
1268
1277
1296
1264
1282
1264
1281
1271
1303
1264
1265
1283
1269
1283
1280
1289
1266
1267
1269
1282
1276
1263
1283
1280
1285
1260
1289
1269
1293
1278
1288
1278
1301
1292
1293
1314
1273
1297
1302
1285
1277
1290
1282
1266
1304
1289
1296
1281
1295
1277
1305
1277
1299
1281
1291
1286
1292
1303
1278
1314
1280
1303
1295
1303
1278
1285
1279
1260
1302
1284
1297
1282
1294
1275
1311
1277
1295
1283
1300
1272
1280
1300
1276
1295
1279
1289
1298
1302
1285
1290
1283
1253
1292
1279
1296
1276
1288
1271
1311
1279
1293
1274
1313
1296
1281
1287
1296
1305
1292
1313
1292
1308
1278
1298
1281
1292
1280
1282
1294
1280
1294
1283
1299
1280
1293
1280
1296
1279
1281
1292
1295
1305
1298
1313
1291
1308
1296
1304
1294
1310
1288
1278
1292
1292
1313
1295
1309
1294
1308
1299
1309
1295
1307
1296
1279
1298
1296
1307
1291
1296
1285
1295
1283
1287
1280
1294
1285
1263
1283
1276
1298
1278
1293
1268
1283
1264
1294
1276
1249
1269
1265
1284
1277
1293
1263
1279
1269
1292
1282
1258
1273
1262
1284
1273
1300
1280
1281
1279
1289
1281
1268
1296
1283
1295
1280
1295
1278
1293
1275
1300
1292
1312
1296
1260
1281
1281
1297
1277
1299
1282
1303
1281
1315
1295
1283
1298
1295
1308
1286
1290
1278
1297
1279
1301
1280
1289
1274
1284
1290
1287
1301
1293
1306
1280
1295
2228
2006
1288
1298
1542
2272
1350
1286
1294
2007
2353
1291
1306
1188
2291
1718
1313
1303
1298
2152
2190
1301
1303
1306
2292
1561
1298
1279
1513
2289
1389
1301
1305
2015
2291
1295
1292
1196
2283
1635
1304
1302
1307
2260
2077
1302
1305
1457
2305
1382
1300
1304
2075
2198
1309
1312
1218
2348
2012
1311
1309
1184
2319
1797
1308
1312
1416
2314
1330
1300
1306
1212
2316
1527
1302
1306
1988
2205
1304
1290
1260
1577
1480
1671
1317
1307
1154
2317
1725
1321
1309
1311
1298
1270
1292
1289
1307
1293
1307
1288
1312
1287
1302
1283
1303
1288
1271
1294
1280
1304
1279
1311
1280
1321
1297
1317
1293
1273
1282
1279
1307
1289
1308
1289
1294
1272
1303
1279
1296
1285
1268
1295
1285
1308
1299
1327
1290
1318
1297
1317
1295
1312
1295
1274
1274
1281
1311
1295
1314
1291
1308
1294
1309
1292
1286
1283
1285
1292
1280
1298
1279
1303
1281
1297
1280
1302
1286
1271
1285
1291
1297
1285
1300
1285
1299
1288
1295
1283
1270
1283
1285
1295
1287
1294
1289
1298
1286
1297
1300
1308
1296
1280
1300
1291
1294
1283
1286
1271
1300
1282
1292
1269
1254
1271
1289
1295
1283
1280
1264
1287
1279
1307
1292
1263
1282
1287
1300
1278
1294
1276
1301
1283
1299
1288
1267
1284
1282
1308
1283
1307
1282
1316
1283
1293
1280
1297
1291
1276
1306
1283
1303
1296
1310
1302
1310
1283
1300
1287
1278
1299
1289
1301
1287
1311
1291
1313
1299
1310
1300
1318
1297
1286
1297
1297
1315
1294
1313
1299
1319
1299
1315
1299
1300
1292
1281
1295
1301
1312
1297
1314
1298
1315
1294
1372
1299
1384
1301
1288
1300
1299
1313
1296
1314
1307
1320
1304
1311
1295
1312
1286
1298
1299
1302
1344
1289
1301
1301
1308
1298
1320
1306
1307
1303
1312
1291
1292
1313
1305
1327
1303
1312
1297
1310
1299
1317
1286
1294
1301
1294
1315
1300
1303
1280
1294
1283
1298
1299
1305
1291
1270
1293
1280
1318
1292
1304
1280
1294
1296
1317
1293
1307
1298
1275
1277
1292
1316
1287
1299
1281
1317
1298
1300
1285
1262
1299
1280
1317
1280
1296
1282
1298
1281
1293
1283
1241
1283
1305
1317
1284
1309
1332
1305
1287
1288
1281
1307
1283
1277
1289
1288
1304
1444
1151
1293
1302
1283
1324
1298
1318
1298
1322
1303
1280
1287
1285
1294
1285
1297
1281
1297
1284
1299
1280
1267
1287
1279
1298
1286
1297
1278
1295
1274
1300
1260
1288
1270
1283
1295
1290
1317
1299
1313
1305
1310
1286
1317
1298
1284
1295
1286
1295
1289
1298
1284
1310
1298
1297
1296
1312
1286
1279
1301
1294
1313
1300
1315
1306
1311
1293
1313
1294
1304
1300
1273
1287
1282
1309
1270
1295
1299
1304
1272
1302
1273
1288
1298
1275
1289
1288
1289
1297
1293
1268
1282
1271
1261
1289
1287
1294
1270
1291
1286
1306
1282
1288
1274
1279
1285
1274
1297
1270
1288
1275
1293
1281
1309
1281
1302
1285
1273
1294
1298
1287
1274
1277
1264
1304
1287
1287
1267
1257
1271
1283
1302
1271
1286
1280
1299
1279
1306
1272
1263
1269
1269
1283
1285
1308
1385
1315
1275
1311
1292
1321
1349
1283
1296
1309
1315
1298
1307
1297
1310
1297
1305
1285
1304
1294
1290
1290
1302
1315
1286
1295
1285
1307
1307
1302
1291
1276
1294
1287
1327
1284
1307
1275
1287
1279
1302
1272
1289
1287
1263
1279
1287
1280
1287
1292
1288
1287
1292
1301
1291
1269
1288
1277
1314
1290
1313
1296
1297
1301
1316
1299
1308
1283
1278
1308
1299
1300
1280
1285
1273
1296
1287
1286
1292
1257
1277
1263
1309
1272
1292
1277
1293
1276
1307
1276
1252
1276
1267
1292
1299
1305
1273
1301
1276
1295
1279
1268
1275
1272
1307
1271
1322
1273
1291
1279
1318
1308
1305
1277
1273
1301
1283
1300
1276
1302
1271
1292
1281
1285
1284
1259
1273
1265
1294
1288
1307
1300
1303
1280
1320
1286
1265
1282
1278
1278
1280
1293
1284
1293
1269
1303
1277
1269
1278
1280
1286
1273
1303
1282
1294
1298
1303
1277
1293
1279
1277
1296
1289
1292
1283
1309
1285
1296
1278
1285
1273
1266
1288
1287
1287
1269
1288
1276
1286
1290
1295
1270
1272
1290
1269
1302
1271
1286
1272
1285
1271
1313
1293
1255
1280
1272
1287
1281
1282
1267
1278
1266
1280
1285
1265
1280
1267
1281
1265
1302
1277
1297
1263
1244
1267
1277
1301
1265
1292
1266
1308
1290
1317
1284
1299
1273
1263
1290
1290
1305
1280
1295
1271
1301
1288
1289
1265
1267
1286
1272
1306
1269
1292
1272
1291
1270
1305
1268
1264
1282
1272
1290
1288
1299
1270
1290
1267
1261
1290
1276
1291
1280
1290
1285
1310
1300
1290
1283
1299
1280
1267
1281
1276
1302
1288
1290
1291
1301
1272
1309
1302
1278
1300
1306
1303
1296
1293
1285
1303
1286
1293
1273
1286
1279
1285
1292
1274
1290
1275
1285
1280
1285
1274
1288
1275
1262
1311
1285
1289
1269
1286
1279
1300
1286
1284
1266
1267
1295
1284
1302
1269
1291
1269
1286
1279
1268
1288
1276
1299
1277
1290
1294
1301
1270
1288
1288
1310
1303
1272
1288
1277
1304
1289
1314
1282
1301
1285
1307
1282
1282
1291
1281
1319
1290
1308
1298
1306
1283
1302
1284
1303
1303
1268
1300
1287
1296
1288
1316
1288
1304
1283
1314
1291
1287
1296
1290
1295
1280
1298
1296
1299
1277
1305
1280
1303
1301
1279
1284
1279
1292
1286
1315
1290
1313
1290
1295
1276
1307
1290
1298
1313
1280
1299
1301
1318
1290
1308
1306
1308
1301
1279
1285
1297
1316
1296
1315
1298
1318
1312
1377
1291
1304
1284
1282
1291
1284
1318
1287
1301
1288
1295
1286
1303
1299
1295
1284
1270
1282
1285
1300
1289
1315
1294
1306
1298
1313
1300
1311
1302
1287
1298
1296
1318
1290
1309
1292
1313
1296
1314
1292
1308
1299
1277
1303
1286
1295
1281
1300
1286
1312
1280
1292
1289
1267
1293
1286
1442
1289
1315
1291
1323
1291
1295
1272
1293
1284
1273
1293
1283
1291
1284
1300
1284
1319
1282
1297
1294
1311
1287
1272
1287
1268
1281
1269
1284
1282
1293
1263
1282
1267
1318
1289
1291
1316
1301
1295
1300
1313
1299
1309
1289
1313
1299
1275
1284
1297
1311
1294
1313
1298
1309
1297
1313
1298
1311
1282
1267
1281
1298
1317
1304
1315
1296
1313
1302
1311
1298
1303
1300
1279
1300
1288
1305
1291
1308
1292
1299
1282
1306
1282
1264
1292
1296
1323
1295
1318
1298
1315
1296
1309
1294
1333
1287
1276
1294
1283
1305
1284
1303
1281
1304
1285
1301
1276
1293
1282
1261
1294
1282
1361
1275
1299
1278
1303
1283
1308
1298
1315
1296
1275
1294
1290
1314
1296
1310
1281
1303
1296
1312
1299
1311
1289
1289
1299
1276
1295
1284
1299
1284
1298
1285
1301
1283
1271
1286
1275
1287
1278
1296
1272
1293
1277
1296
1278
1265
1273
1271
1298
1267
1298
1286
1298
1270
1291
1285
1297
1281
1278
1342
1302
1315
1290
1315
1294
1303
1306
1305
1288
1310
1274
1283
1306
1282
1304
1289
1309
1282
1303
1285
1291
1284
1264
1267
1286
1286
1267
1294
1319
1298
1299
1297
1289
1292
1285
1258
1290
1280
1286
1266
1293
1282
1310
1302
1296
1287
1267
1284
1299
1312
1278
1293
1271
1286
1286
1292
1295
1296
1287
1265
1289
1284
1290
1265
1287
1263
1307
1280
1277
1280
1255
1279
1277
1297
1268
1297
1285
1299
1292
1323
1279
1271
1283
1277
1306
1286
1298
1281
1297
1299
1316
1279
1288
1279
1259
1275
1316
1314
1280
1301
1280
1299
1290
1312
1280
1263
1283
1276
1293
1287
1283
1273
1285
1263
1287
1282
1289
1267
1270
1282
1275
1294
1282
1282
1275
1279
1269
1294
1272
1275
1278
1269
1285
1288
1287
1273
1283
1269
1297
1275
1264
1289
1283
1296
1283
1297
1275
1294
1281
1295
1280
1270
1289
1290
1311
1298
1309
1300
1314
1285
2263
1684
1297
1280
2201
2126
1285
1295
1105
2274
1779
1284
1285
1592
2283
1344
1283
1284
2125
2199
1288
1287
1190
2281
1690
1291
1291
1111
2273
1850
1294
1290
1142
2298
1744
1291
1290
1711
2399
1290
1285
1286
1361
2289
1546
1296
1201
2323
2327
1293
1309
1503
2321
1294
1287
1292
1158
2301
1603
1289
1291
1825
2416
1296
1287
1292
1494
2361
1303
1292
1295
2239
1984
1299
1290
1279
2308
1915
1293
1293
1284
1291
1287
1307
1297
1288
1291
1284
1307
1295
1297
1289
1289
1298
1294
1297
1301
1300
1296
1293
1285
1288
1288
1283
1294
1288
1284
1290
1290
1282
1165
2320
1288
1296
1290
1285
1289
1297
1284
1295
1289
1288
1288
1286
1283
1289
1281
1281
1282
1283
1287
1279
1283
1290
1285
1285
1285
1287
1274
1282
1283
1293
1276
1280
1277
1284
1282
1292
1281
1287
1282
1292
1280
1283
1287
1280
1280
1280
1287
1281
1281
1284
1287
1280
1284
1281
1276
1282
1289
1281
1282
1281
1281
1289
1286
1283
1283
1279
1281
1285
1281
1277
1282
1281
1290
1309
1284
1282
1279
1300
1290
1281
1282
1287
1278
1282
1280
1282
1279
1277
1284
1283
1279
1279
1279
1282
1282
1294
1297
1299
1297
1286
1285
1273
1278
1281
1285
1294
1292
1294
1296
1283
1282
1278
1276
1287
1277
1280
1276
1294
1309
1297
1293
1291
1297
1300
1284
1284
1284
1277
1287
1296
1270
1283
1272
1282
1269
1293
1287
1270
1293
1274
1280
1288
1280
1296
1283
1307
1275
1288
1272
1280
1277
1275
1280
1281
1289
1271
1281
1277
1282
1279
1288
1281
1274
1280
1290
1282
1279
1280
1273
1291
1286
1287
1281
1279
1287
1275
1278
1279
1293
1287
1291
1287
1286
1281
1289
1296
1286
1284
1282
1280
1290
1284
1289
1285
1276
1284
1294
1288
1281
1291
1290
1291
1283
1281
1281
1290
1295
1285
1299
1288
1279
1270
1284
1276
1282
1288
1278
1269
1280
1282
1297
1298
1285
1291
1282
1285
1284
1282
1274
1280
1286
1283
1282
1276
1294
1272
1268
1277
1280
1279
1286
1272
1272
1269
1280
1273
1286
1275
1275
1277
1297
1297
1276
1283
1269
1285
1284
1284
1269
1283
1265
1272
1288
1272
1280
1288
1269
1276
1292
1279
1286
1286
1283
1272
1283
1281
1274
1288
1269
1284
1276
1282
1271
1263
1276
1263
1280
1293
1272
1272
1291
1273
1285
1285
1287
1268
1287
1278
1284
1295
1279
1270
1273
1279
1274
1280
1263
1287
1265
1287
1265
1280
1267
1275
1273
1285
1294
1288
1267
1272
1272
1279
1275
1283
1286
1273
1267
1275
1277
1292
1283
1276
1267
1267
1276
1290
1291
1292
1268
1269
1275
1297
1286
1292
1280
1283
1287
1288
1289
1274
1274
1276
1279
1290
1288
1283
1282
1275
1265
1281
1264
1282
1289
1269
1266
1281
1283
1269
1291
1269
1271
1280
1280
1264
1289
1273
1287
1275
1295
1272
1281
1272
1275
1270
1287
1279
1270
1267
1267
1276
1283
1266
1271
1257
1269
1270
1278
1290
1294
1286
1279
1277
1294
1286
1291
1278
1286
1279
1300
1298
1281
1278
1286
1279
1293
1300
1293
1264
1270
1265
1277
1271
1281
1272
1264
1267
1277
1262
1285
1272
1274
1269
1290
1271
1287
1269
1271
1283
1284
1267
1266
1279
1300
1288
1291
1296
1283
1300
1283
1273
1301
1286
1284
1285
1279
1285
1289
1290
1295
1297
1293
1301
1301
1290
1298
1297
1300
1291
1288
1302
1288
1296
1290
1289
1294
1298
1295
1299
1300
1296
1292
1299
1295
1300
1288
1292
1298
1299
1299
1301
1300
1298
1293
1292
1302
1293
1298
1297
1296
1292
1298
1299
1292
1295
1293
1299
1296
1294
1306
1299
1296
1297
1296
1292
1289
1291
1289
1298
1295
1285
1281
1290
1294
1297
1290
1284
1284
1282
1298
1291
1289
1275
1275
1262
1278
1285
1269
1280
1268
1267
1284
1283
1274
1265
1272
1270
1276
1287
1281
1270
1282
1270
1273
1290
1276
1279
1266
1282
1271
1285
1275
1284
1269
1266
1260
1299
1295
1285
1278
1279
1280
1275
1273
1263
1264
1264
1296
1283
1283
1283
1284
1272
1277
1292
1291
1290
1289
1277
1278
1297
1282
1286
1276
1271
1272
1282
1279
1293
1295
1287
1282
1291
1283
1281
1278
1277
1278
1293
1299
1298
1297
1298
1259
1293
1288
1296
1293
1295
1294
1295
1296
1295
1295
1298
1298
1297
1289
1293
1294
1297
1299
1300
1293
1297
1300
1295
1284
1278
1293
1295
1296
1289
1293
1312
1296
1287
1293
1298
1284
1286
1285
1276
1282
1292
1285
1279
1279
1292
1295
1293
1284
1277
1274
1281
1281
1280
1284
1297
1296
1294
1294
1297
1282
1275
1285
1281
1278
1266
1270
1274
1276
1277
1281
1285
1272
1277
1294
1286
1286
1290
1296
1290
1300
1276
1295
1294
1283
1289
1289
1288
1296
1298
1291
1295
1291
1293
1283
1280
1271
1276
1281
1289
1282
1286
1281
1282
1295
1278
1280
1285
1282
1282
1285
1287
1294
1293
1275
1285
1300
1294
1282
1266
1267
1270
1281
1268
1263
1275
1274
1276
1284
1277
1278
1275
1290
1278
1298
1296
1287
1266
1289
1288
1287
1275
1270
1276
1292
1283
1297
1291
1282
1289
1264
1276
1297
1291
1287
1280
1278
1268
1282
1275
1284
1285
1277
1263
1286
1278
1276
1292
1277
1294
1299
1293
1293
1285
1279
1283
1280
1277
1293
1279
1295
1286
1286
1300
1295
1283
1265
1278
1294
1279
1280
1282
1278
1281
1292
1288
1282
1291
1291
1294
1286
1277
1264
1286
1284
1279
1272
1279
1261
1281
1266
1288
1290
1296
1265
1285
1283
1285
1293
1296
1286
1277
1278
1280
1272
1291
1283
1287
1292
1270
1266
1307
1286
1284
1280
1279
1268
1278
1287
1268
1291
1281
1279
1294
1280
1279
1279
1293
1282
1294
1282
1280
1297
1294
1283
1295
1278
1281
1276
1296
1306
1290
1279
1292
1287
1297
1270
1281
1276
1263
1296
1272
1275
1279
1299
1278
1290
1283
1293
1292
1275
1265
1270
1268
1278
1283
1287
1297
1289
1279
1289
1285
1298
1280
1276
1280
1275
1295
1292
1274
1282
1288
1288
1283
1286
1271
1274
1289
1287
1296
1288
1279
1278
1280
1277
1293
1288
1283
1283
1294
1291
1281
1288
1281
1286
1287
1287
1278
1286
1277
1278
1283
1282
1289
1281
1284
1287
1285
1284
1277
1287
1279
1285
1267
1264
1268
1279
1276
1267
1268
1282
1271
1282
1283
1269
1282
1268
1272
1280
1286
1278
1277
1276
1282
1291
1289
1272
1278
1268
1279
1283
1279
1284
1286
1264
1275
1283
1292
1286
1280
1279
1266
1282
1274
1284
1272
1283
1284
1279
1269
1277
1273
1275
1275
1291
1281
1280
1285
1269
1291
1297
1282
1267
1283
1279
1272
1279
1274
1278
1276
1285
1265
1278
1282
1283
1262
1281
1275
1283
1288
1273
1274
1279
1281
1273
1284
1270
1281
1294
1293
1290
1294
1274
1283
1277
1262
1278
1273
1284
1270
1279
1277
1277
1296
1284
1284
1287
1284
1279
1297
1278
1278
1266
1275
1278
1281
1266
1276
1275
1274
1274
1282
1280
2258
1401
1285
1281
1285
1278
1284
1294
1298
1280
1289
1268
1279
1280
1278
1275
1286
1288
1279
1284
1278
1289
1285
1279
1283
1285
1268
1280
1276
1280
1279
1281
1281
1280
1284
1280
1274
1282
1281
1285
1278
1280
1280
1279
1284
1285
1280
1284
1281
1280
1289
1294
1290
1283
1283
1279
1283
1270
1287
1273
1279
1269
1282
1275
1284
1294
1271
1277
1267
1279
1280
1319
1267
1282
1276
1300
1277
1285
1283
1284
1282
1276
1290
1281
1286
1284
1285
1280
1278
1278
1283
1283
1289
1280
1286
1281
1279
1283
1279
1279
1280
1278
1280
1270
1268
1272
1281
1285
1282
1266
1287
1271
1281
1275
1279
1269
1284
1270
1283
1273
1270
1280
1269
1287
1277
1295
1285
1301
1270
1279
1279
1289
1277
1286
1284
1265
1280
1285
1286
1278
1279
1266
1275
1285
1272
1270
1285
1279
1279
1286
1284
1281
1281
1284
1283
1281
1267
1273
1277
1276
1273
1283
1265
1283
1281
1280
1287
1277
1278
1283
1266
1281
1269
1280
1263
1287
1265
1281
1264
1285
1269
1279
1267
1274
1282
1286
1270
1267
1284
1261
1275
1281
1285
1275
1288
1263
1282
1294
1282
1282
1278
1285
1295
1278
1285
1293
1295
1291
1276
1298
1273
1290
1283
1280
1283
1294
1290
1284
1289
1282
1284
1294
1285
1281
1287
1278
1288
1297
1287
1281
1275
1290
1274
1287
1286
1290
1276
1276
1270
1294
1284
1278
1294
1278
1300
1299
1289
1276
1285
1278
1279
1286
1284
1269
1276
1281
1290
1275
1279
1285
1296
1283
1273
1287
1281
1291
1283
1285
1280
1304
1291
1296
1277
1291
1293
1283
1291
1292
1279
1287
1280
1282
1294
1288
1281
1269
1278
1291
1293
1297
1284
1301
1293
1290
1292
1294
1293
1279
1295
1296
1299
1282
1296
1280
1296
1275
1294
1288
1287
1290
1283
1290
1296
1293
1298
1291
1286
1278
1287
1302
1301
1307
1285
1300
1290
1293
1282
1295
1287
1281
1295
1297
1291
1281
1284
1303
1292
1288
1295
1277
1297
1281
1300
1296
1284
1312
1288
1288
1298
1299
1285
1291
1292
1286
1297
1292
1280
1280
1296
1280
1293
1298
1302
1294
1290
1290
1293
1296
1295
1292
1299
1296
1293
1295
1296
1295
1302
1314
1302
1293
1290
1292
1278
1286
1279
1289
1281
1297
1284
1288
1283
1287
1282
1288
1282
1285
1285
1284
1289
1288
1288
1284
1285
1286
1284
1286
1284
1287
1285
1282
1281
1285
1286
1283
1280
1287
1287
1289
1284
1280
1282
1288
1285
1280
1281
1283
1285
1282
1284
1277
1282
1280
1290
1279
1286
1346
1285
1286
1285
1283
1286
1286
1283
1285
1281
1288
1286
1285
1287
1283
1287
1281
1284
1284
1283
1283
1294
1281
1282
1280
1281
1287
1286
1281
1283
1284
1280
1284
1284
1283
1289
1282
1283
1290
1290
1286
1279
1285
1287
1282
1277
1280
1284
1279
1284
1279
1294
1296
1296
1295
1307
1296
1296
1299
1299
1295
1296
1297
1300
1299
1297
1301
1287
1289
1282
1284
1284
1288
1282
1276
1285
1283
1283
1281
1289
1280
1295
1294
1298
1295
1299
1298
1296
1302
1288
1254
1288
1296
1300
1297
1293
1300
1294
1293
1288
1299
1297
1298
1299
1217
1302
1292
1115
1293
1294
1296
1295
1295
1294
1292
1296
1299
1294
1296
1294
1300
1297
1292
1297
1292
1293
1301
1294
1296
1295
1293
1289
1302
1297
1297
1293
1298
1290
1293
1291
1294
1294
1298
1293
1299
1298
1296
1294
1297
1298
1299
1300
1293
1297
1297
1290
1292
1291
1292
1287
1303
1296
1283
1300
1276
1293
1289
1292
1283
1291
1289
1283
1299
1293
1295
1291
1296
1299
1297
1296
1295
1297
1296
1301
1294
1299
1289
1293
1293
1297
1291
1295
1295
1294
1294
1296
1302
1294
1298
1293
1293
1299
1296
1294
1299
1297
1294
1292
1294
1296
1293
1284
1290
1287
1295
1291
1288
1290
1278
1286
1298
1292
1291
1279
1281
1278
1299
1288
1301
1281
1287
1278
1297
1297
1296
1282
1287
1297
1296
1286
1295
1285
1281
1288
1294
1278
1289
1292
1293
1300
1298
1287
1332
1295
1301
1291
1296
1304
1298
1297
1295
1297
1299
1291
1292
1297
1298
1300
1291
1290
1296
1294
1290
1291
1291
1297
1287
1301
1299
1290
1295
1296
1299
1296
1300
1296
1295
1295
1301
1296
1294
1291
1298
1297
1292
1294
1298
1298
1301
1300
1292
1296
1298
1343
1301
1300
1294
1296
1296
1297
1292
1288
1297
1297
1298
1294
1293
1299
1293
1299
1295
1297
1308
1302
1295
1293
1293
1300
1291
1293
1296
1298
1294
1305
1296
1296
1291
1295
1295
1294
1295
1302
1296
1292
1300
1295
1291
1298
1300
1296
1301
1296
1297
1295
1297
1296
1295
1288
1293
1296
1288
1294
1292
1296
1288
1293
1299
1297
1296
1291
1298
1300
1303
1298
1296
1288
1289
1299
1297
1291
1295
1294
1297
1298
1296
1299
1292
1293
1296
1294
1293
1292
1296
1295
1294
1299
1291
1298
1298
1296
1290
1295
1297
1293
1298
1297
1300
1288
1300
1299
1295
1297
1292
1295
1297
1297
1294
1297
1297
1290
1300
1298
1296
1292
1296
1294
1295
1294
1297
1299
1293
1294
1293
1292
1293
1292
1294
1294
1289
1297
1287
1297
1294
1293
1296
1294
1292
1297
1299
1293
1297
1298
1295
1289
1290
1295
1297
1291
1285
1290
1295
1295
1295
1296
1291
1292
1288
1294
1298
1295
1299
1299
1302
1306
1299
1294
1297
1289
1294
1293
1297
1296
1295
1302
1295
1294
1295
1297
1293
1300
1295
1300
1294
1298
1298
1297
1295
1296
1294
1297
1297
1292
1305
1300
1295
1292
1296
1296
1299
1292
1294
1294
1298
1298
1296
1305
1293
1295
1295
1293
1283
1294
1297
1299
1291
1291
1291
1296
1292
1301
1296
1292
1298
1290
1287
1291
1296
1301
1299
1299
1294
1293
1295
1299
1297
1293
1289
1297
1292
1299
1293
1296
1295
1295
1293
1299
1298
1301
1294
1300
1291
1295
1298
1293
1290
1288
1293
1289
1295
1294
1289
1299
1298
1291
1299
1287
1291
1291
1291
1288
1293
1296
1295
1298
1287
1295
1289
1293
1300
1295
1290
1298
1295
1292
1294
1275
1301
1285
1296
1277
1298
1278
1285
1286
1298
1287
1291
1290
1284
1288
1295
1296
1295
1295
1294
1292
2218
2380
2396
2416
1849
1302
1300
1299
1302
1295
1300
1291
1293
1291
1288
1297
1291
1291
1294
1314
1295
1299
1299
1298
1292
1298
1294
1295
1291
1292
1295
1296
1302
1298
1296
1298
1296
1300
1297
1294
1293
1296
1297
1300
1297
1298
1295
1300
1296
1296
1300
1296
1296
1297
1296
1297
1291
1298
1295
1297
1299
1288
1292
1289
1296
1291
1296
1303
1290
1287
1307
1297
1298
1294
1293
1294
1301
1301
1294
1293
1295
1299
1290
1295
1298
1294
1297
1299
1295
1294
1297
1292
1299
1297
1292
1293
1294
1295
1297
1294
1295
1296
1292
1295
1293
1293
1298
1294
1299
1296
1291
1296
1297
1298
1296
1298
1294
1299
1292
1295
1299
1296
1293
1299
1296
1290
1293
1289
1297
1296
1295
1288
1300
1298
1292
1291
1305
1289
1298
1297
1287
1297
1296
1292
1298
1292
1289
1291
1292
1301
1293
1293
1298
1296
1302
1285
1283
1279
1290
1286
1287
1295
1289
1293
1292
1293
1292
1298
1287
1294
1302
1295
1291
1294
1290
1291
1294
1293
1291
1294
1289
1296
1291
1298
1294
1295
1296
1290
1298
1294
1301
1297
1295
1291
1299
1295
1294
1291
1295
1287
1293
1294
1296
1302
1297
1295
1291
1298
1295
1299
1691
2392
2363
2256
1584
1326
1795
1394
1257
1644
1665
1321
1940
2273
2392
1964
1923
2089
2279
2310
2277
2283
2294
2301
2248
1472
1397
1830
2332
2032
1251
1797
2326
1327
1302
1310
1605
2488
1312
1297
1310
1655
2437
1312
1303
1306
1666
2337
1316
1308
1312
1706
2370
1310
1303
1303
1706
2367
1304
1309
1110
2333
1487
1305
1306
1305
2284
1841
1312
1311
1306
2133
1913
1311
1305
1306
2038
2003
1308
1318
1119
2325
1475
1315
1328
1987
1495
1306
1307
1307
1310
2291
1775
1309
1308
1304
1994
2036
1311
1303
1297
2361
1319
1312
1309
1207
2329
1443
1311
1309
1111
2328
1537
1315
1314
1187
2334
1762
1309
1539
2381
1911
1311
1303
1313
1807
2239
1319
1312
1173
2334
1678
1315
1280
1504
2262
1309
1299
1304
1265
2287
1317
1303
1311
1310
1960
1316
1304
1303
1303
1499
1687
1303
1307
1302
1230
2253
1311
1308
1308
1298
1836
1419
1308
1304
1306
1228
1942
1306
1301
1305
1304
2261
1311
1299
1298
1302
1475
1775
1304
1305
1330
1676
2057
1300
1349
1281
1362
2291
1305
1304
1300
1307
1872
1370
1315
1364
1304
2364
1301
1325
1346
1326
1681
1585
1325
1675
1678
1365
1372
2136
1245
1771
1300
1891
1557
1449
1304
1307
2282
2179
1441
1310
1330
1776
2322
2332
2320
1316
1294
1397
1303
1292
2335
1602
1623
1303
2055
1306
1299
1829
1291
1637
2299
1301
1427
1296
1872
1325
1310
1563
1291
1420
2538
1311
1519
1301
1742
1450
1293
1297
1304
1299
1892
2038
1324
1314
1576
1741
1302
1324
1301
1413
2382
1877
1306
1384
2474
1312
1317
1308
1306
1298
2057
2324
1638
1315
2351
1306
1331
1300
1300
1307
2156
1807
1310
1306
1165
2367
1579
1315
1395
1641
2320
1312
1302
1304
2380
1310
1311
1299
1422
1155
2350
1507
1549
1316
1457
1774
1309
1521
1308
1381
1835
1316
1558
1315
1307
1492
2304
2357
2313
1427
1316
1346
1306
1318
1367
2319
2351
2337
1310
1312
1317
1342
1325
1116
2138
1324
1364
1306
1705
1565
1315
1300
1315
1191
2040
1314
1315
1349
1301
1308
1309
1299
1352
1313
1302
1295
1298
1303
1318
1296
1293
1298
1286
1320
1339
1316
1319
1321
1304
1309
1243
1328
1308
2118
2235
1354
1313
2205
2172
1301
1351
1246
2288
1320
1309
1357
1315
1319
1312
1305
1299
1304
1300
1297
1296
1299
1284
1307
1307
1288
1294
1298
1306
1315
1312
1308
1307
1302
1342
1283
1305
1309
1304
1307
1323
1391
1140
2266
1802
1403
1304
1298
1300
1300
1304
1383
1306
1296
1304
1296
1300
1373
1305
1298
1304
1286
1313
1356
1295
1290
1283
1282
1284
1284
1288
1296
1303
1296
1301
1299
1301
1294
1295
1297
1302
1299
1300
1294
1301
1298
1297
1294
1286
1273
1283
1283
1292
1293
1298
1286
1286
1289
1291
1280
1287
1282
1292
1298
1291
1300
1302
1303
1315
1280
1286
1285
1283
1226
1296
1280
1291
1352
1293
1293
1313
1290
1296
1360
1303
1288
1302
1293
1312
1292
1293
1294
1300
1295
1306
1299
1291
1303
1294
1285
1279
1284
1277
1275
1282
1276
1272
1295
1295
1284
1297
1288
1275
1293
1287
1293
1284
1286
1291
1289
1297
1291
1293
1285
1293
1289
1297
1294
1281
1286
1281
1291
1292
1290
1297
1284
1271
1322
1289
1293
1305
1297
1301
1332
1300
1298
1295
1299
1292
1376
1300
1295
1296
1294
1290
1378
1296
1300
1297
1289
1294
1685
1352
1299
1297
1298
1372
1285
1216
2282
1995
1496
1302
1290
1284
1290
1302
1468
1284
1757
2238
2256
2256
1780
1290
1288
1498
1294
1290
1288
1289
1286
1370
1295
1286
1283
1284
1273
1351
1297
1284
1284
1282
1287
1343
1294
1284
1288
1282
1285
1345
1281
1292
1288
1281
1296
1343
1299
1281
1294
1296
1299
1360
1295
1298
1295
1300
1289
1291
1297
1290
1299
1293
1293
1302
1357
1292
1298
1291
1299
1290
1297
1289
1295
1293
1295
1296
1291
1297
1292
1298
1289
1287
1292
1297
1295
1296
1293
1290
1289
1292
1303
1290
1305
1294
1288
1287
1280
1273
1290
1301
1287
1292
1284
1287
1285
1291
1285
1293
1288
1294
1294
1297
1298
1294
1288
1292
1291
1268
1290
1287
1293
1283
1300
1292
1289
1295
1292
1288
1288
1290
1291
1353
1298
1295
1293
1293
1288
1294
1294
1297
1296
1297
1288
1291
1300
1292
1295
1292
1294
1295
1293
1288
1286
1293
1293
1385
1290
1279
1286
1278
1291
1284
1293
1292
1298
1296
1295
1288
1287
1290
1296
1301
1294
1292
1296
1294
1293
1308
1257
2308
2169
1300
1302
1293
1287
1290
1291
1278
1272
1280
1283
1288
1281
1335
1277
1307
2358
2487
1323
1297
1300
1298
1300
1291
1299
1298
1296
1290
1299
1292
1297
1294
1295
1292
1291
1292
1288
1289
1290
1294
1294
1299
1289
1301
1298
1291
1292
1299
1294
1294
1290
1292
1302
1292
1294
1286
1287
1285
1291
1280
1295
1292
1279
1294
1275
1283
1297
1291
1285
1277
1294
1321
1293
1309
1288
1309
1290
1518
1289
1486
2277
2289
1401
1115
1358
1280
1291
1293
