2595
2574
2527
2528
2537
2551
2533
2585
2648
3353
2686
2573
2091
1771
1274
1275
1272
1282
1271
1280
1278
1282
1276
1284
1281
1770
1910
1300
1300
1293
1274
1340
1287
1289
1288
1290
1287
1288
1300
1298
1290
1286
1297
1290
1292
1285
1292
1291
1294
1287
1300
1283
1292
1227
2033
1349
1282
1281
1293
1288
1293
1290
1282
1288
1288
1293
1290
1292
1284
1288
1282
1292
1287
1291
1284
1291
1349
1286
1292
1342
1279
1282
1292
1279
1285
1279
1294
1290
1290
1285
1288
1288
1277
1283
1289
1279
1281
1283
1290
1284
1283
1290
1283
1297
1287
1284
1282
1285
1283
1279
1415
1287
1285
1283
1290
1222
1292
1278
1293
1279
1273
1283
1282
1287
1282
1293
1289
1316
1283
1297
1282
1293
1288
1293
1361
1282
1284
1282
1293
1283
1290
1278
1294
1288
1287
1287
1288
1283
1288
1285
1282
1282
1283
1290
1285
1290
1287
1286
1281
1288
1283
1288
1288
1286
1351
1282
1284
1280
1289
1285
1288
1284
1284
1292
1292
1283
1286
1286
1280
1279
1287
1300
1287
1291
1283
1289
1290
1290
1283
1288
1286
1293
1284
1341
1292
1290
1292
1287
1286
1662
2284
1373
1336
1294
1300
1296
1286
1489
1288
1297
1289
1303
1296
1285
1290
1299
1283
1297
1295
1285
1298
1297
1289
1292
1297
1291
1286
1289
1285
1294
1294
1288
1284
1291
1294
1290
1289
1300
1289
1293
1292
1291
1284
1281
1287
1286
1288
1288
1292
1289
1284
1283
1289
1282
1284
1290
1291
1286
1286
1289
1282
1292
1285
1292
1284
1277
1283
1300
1283
1292
1280
1286
1282
1286
1285
1290
1290
1294
1286
1287
1287
1390
1289
1289
1289
1283
1295
1285
1287
1289
1285
1292
1289
1295
1305
1287
1281
1289
1284
1301
1288
1284
1296
1287
1286
1290
1601
1294
1287
1286
1290
1293
1293
1288
1290
1335
1285
1289
1289
1286
1283
1290
1296
1289
1287
1296
1287
1292
1287
1290
1288
1285
1291
1291
1279
1289
1287
1289
1289
1283
1287
1147
1297
1097
1464
1289
1287
1287
1163
2424
1294
1293
1298
1367
1289
1298
1288
1292
1286
1283
1286
1288
1300
1290
1286
1296
1284
1296
1283
1296
1291
1531
1295
1285
1283
1285
1513
1293
1285
1285
1287
1287
1498
1299
1284
1282
1284
1284
1287
1287
1293
1279
1296
1288
1287
1285
1289
1288
1286
1281
1280
1360
1275
1297
1289
1299
1197
1409
1299
1287
1283
1290
1448
1290
1291
1285
1288
1282
1403
1291
1294
1285
1296
1286
1390
1293
1299
1294
1286
1295
1205
2286
2257
1300
1299
1500
1288
1298
1295
1300
1170
1364
1284
1290
1287
1291
1290
1572
1288
1311
1307
1293
1815
2018
1318
1282
1295
1288
1293
1290
1288
1295
1292
1335
1295
1288
1294
1285
1294
1294
1291
1283
1295
1292
1286
1283
1297
1296
1290
1294
1282
1298
1285
1278
1283
1289
1288
1297
1294
1284
1287
1293
1288
1292
1290
1286
1291
1289
1290
1337
1286
1291
1294
1283
1296
1288
1289
1300
1280
1293
1280
1290
1284
1291
1286
1287
1281
1294
1295
1289
1293
1286
1293
1442
1291
1291
1293
1295
1292
1296
1285
1280
1290
1290
1297
1292
1280
1290
1283
1292
1282
1293
1285
1289
1290
1293
1287
1292
1290
1286
1284
1292
1297
1291
1292
1279
1302
1287
1292
1296
1438
1287
1291
1287
1293
1294
1386
1288
1306
1298
1289
1366
1289
1292
1288
1292
1296
1358
1288
1291
1296
1291
1293
1283
1349
1286
1298
1295
1293
1342
1289
1294
1285
1299
1286
1280
1345
1282
1296
1285
1288
1287
1286
1603
2267
2282
2426
1307
1311
1298
1289
1789
2295
2499
1137
2299
1727
1303
1297
1290
2089
2265
1292
1293
1293
2296
2096
1306
1292
1541
2317
1564
1298
1300
2350
1327
1297
1320
1325
1952
1755
1299
1291
1296
1245
1979
1324
1313
1293
1333
1292
1327
1291
1301
1289
1119
2343
2286
2283
1679
1296
2285
1291
1296
1668
1931
1295
1293
1296
1184
2306
1294
1294
1289
1296
1866
1345
1286
1296
1293
1554
1705
1295
1291
1296
1114
2225
1298
1292
1299
1295
1300
1944
1366
1335
1295
1134
2260
1291
1295
1293
1302
1890
1346
1287
1296
1296
1535
1648
1290
1257
1317
1121
2285
1381
1328
1321
1511
2285
1364
1307
1313
1492
2521
1364
1281
1279
1304
1724
1900
1287
1309
1289
1630
2278
2136
2391
2403
2409
2058
1290
2259
1308
1289
1297
1289
1161
2062
1304
1295
1310
1304
1255
2050
1311
1330
1729
2307
2096
1314
1169
2324
1764
1328
1276
1506
2531
1304
1291
1313
1110
2394
1304
1291
1304
1073
2372
1352
1314
1327
2012
2270
1300
1297
1292
1672
2386
2691
1300
1481
2560
2533
2430
1691
2320
1608
1244
2387
2327
1909
1207
2324
1393
1298
1297
1304
1767
1910
1292
1304
1300
1803
1743
1300
1300
1301
1453
2174
1301
1304
1301
1550
1995
1300
1299
1299
1267
2372
1304
1332
1321
1254
2319
1379
1298
1305
1120
2386
1301
1291
1301
1124
2459
1307
1291
1297
1301
1574
1627
1300
1294
1304
1255
2037
1465
1301
1294
1086
2358
1312
1308
1297
1181
2025
1310
1294
1295
1297
2044
1568
1305
1290
1292
1395
1800
1311
1296
1306
1139
2277
1293
1303
1293
1298
2297
1298
1306
1294
1296
1536
1719
1297
1290
1295
1299
1881
1396
1298
1302
1231
2320
1351
1302
1295
1238
2256
1316
1300
1299
1783
1596
1657
1296
1303
1292
1342
1954
1292
1284
1290
1465
2181
1326
1289
1298
1360
2569
1294
1295
1296
1290
1741
1412
1310
1291
1291
1289
1822
1457
1293
1295
1307
1958
1368
1292
1304
1293
1430
1913
1471
1292
1304
1288
2077
1363
1288
1292
1218
2230
1398
1300
1289
1299
1338
1897
1309
1290
1292
1328
1339
1300
1291
1367
1293
1328
1293
1292
1313
1296
1291
1305
1299
1296
1294
1297
1296
1305
1285
1292
1297
1293
1296
1290
1293
1324
1314
1295
1296
1314
1296
1293
1295
1293
1295
1300
1295
1293
1300
1302
1295
1297
1295
1300
1289
1293
1310
1481
2243
1292
1289
1296
1294
1296
1288
1294
1297
1296
1302
1288
1297
1293
1291
1291
1294
1297
1297
1292
1290
1295
1293
1292
1297
1294
1293
1289
1294
1294
1287
1291
1287
1293
1293
1296
1292
1295
1290
1291
1298
1298
1288
1297
1297
1311
1292
1293
1296
1290
1295
1294
1305
1296
1294
1289
1293
1285
1287
1288
1283
1286
1286
1286
1280
1296
1285
1287
1287
1292
1292
1292
1289
1286
1272
1276
1281
1287
1286
1284
1282
1284
1279
1300
1288
1351
1298
1282
1292
1292
1281
1285
1281
1289
1275
1292
1282
1293
1279
1278
1279
1287
1285
1286
1292
1298
1290
1286
1290
1290
1292
1290
1286
1286
1294
1289
1289
1293
1289
1291
1289
1287
1294
1289
1297
1287
1290
1294
1289
1293
1297
1117
2268
2271
2273
2453
1301
1296
1295
1291
1291
1291
1290
1291
1291
1290
1298
1289
1291
1295
1299
1291
1296
1294
1291
1292
1293
1284
1292
1291
1292
1294
1299
1292
1289
1294
1301
1289
1293
1286
1291
1297
1291
1286
1304
1293
1289
1288
1284
1289
1288
1293
1289
1288
1293
1292
1282
1296
1298
1291
1293
1287
1285
1294
1294
1286
1296
1291
1295
1294
1287
1138
1325
1301
1286
1288
1295
1286
1292
1293
1308
1284
1293
1290
1291
1293
1292
1299
1289
1285
1285
1296
1294
1290
1287
1297
1287
1296
1284
1292
1298
1295
1288
1286
1291
1298
1294
1294
1295
1293
1294
1289
1285
1296
1289
1291
1292
1288
1286
1293
1300
1301
1294
1293
1301
1290
1285
1289
1289
1284
1295
1288
1289
1293
1293
1294
1291
1299
1290
1295
1293
1292
1297
1292
1290
1282
1291
1273
1289
1282
1289
1282
1289
1284
1295
1285
1295
1288
1293
1290
1287
1289
1290
1286
1331
1295
1295
1301
1287
1299
1292
1297
1296
1291
1298
1290
1281
1290
1305
1292
1291
1285
1299
1293
1295
1292
1280
1292
1288
1294
1287
1287
1295
1291
1290
1291
1288
1287
1285
1299
1284
1281
1287
1286
1294
1295
1291
1285
1293
1284
1286
1285
1297
1295
1289
1295
1295
1295
1297
1289
1297
1294
1283
1305
1283
1297
1286
1283
1282
1296
1289
1293
1286
1295
1295
1284
1286
1293
1291
1286
1313
1290
1289
1293
1300
1291
1293
1288
1288
1291
1296
1312
1288
1294
1286
1291
1289
1291
1290
1294
1290
1296
1285
1293
1290
1293
1289
1286
1290
1293
1288
1289
1287
1293
1294
1289
1292
1295
1293
1291
1287
1279
1287
1278
1279
1280
1284
1297
1279
1280
1277
1276
1282
1282
1285
1281
1281
1281
1283
1281
1276
1278
1282
1276
1281
1286
1289
1276
1278
1277
1280
1287
1278
1286
1278
1281
1281
1285
1283
1284
1282
1275
1278
1283
1278
1279
1278
1281
1293
1284
1286
1279
1275
1285
1274
1284
1287
1296
1282
1288
1274
1289
1291
1281
1282
1281
1278
1285
1288
1281
1278
1276
1285
1286
1290
1278
1282
1283
1277
1286
1275
1274
1272
1277
1280
1293
1285
1280
1278
1284
1282
1285
1280
1280
1287
1272
1281
1288
1284
1283
1286
1282
1280
1286
1286
1284
1283
1295
1276
1285
1280
1389
1281
1284
1274
1292
1286
1292
1283
1276
1284
2031
1675
1294
1294
1293
1295
1293
1297
1293
1289
1282
1285
1292
1285
1298
1292
1281
1288
1286
1281
1286
1289
1286
1278
1292
1290
1287
1291
1276
1288
1292
1281
1288
1278
1280
1287
1291
1286
1290
1280
1285
1292
1292
1278
1287
1293
1281
1286
1283
1282
1285
1284
1281
1285
1283
1277
1278
1278
1279
1275
1282
1278
1281
1277
1280
1278
1288
1279
1273
1279
1277
1279
1284
1285
1275
1278
1276
1279
1284
1280
1279
1285
1292
1286
1316
1290
1288
1358
1287
1302
1291
1289
1292
1284
1283
1281
1288
1282
1292
1296
1283
1278
1289
1280
1280
1279
1287
1288
1285
1286
1292
1281
1275
1276
1282
1283
1284
1279
1292
1285
1289
1285
1287
1280
1280
1278
1277
1284
1285
1275
1283
1443
1284
1279
1279
1277
1273
1279
1289
1284
1280
1284
1283
1276
1293
1286
1284
1283
2381
2153
2357
1303
1308
1303
2101
2505
1317
1198
2500
1669
1303
1659
1500
1285
1294
1290
1288
1287
1298
1287
1284
1283
1291
1281
1284
1282
1280
1280
1290
1290
1294
1289
1287
1303
1280
1290
1287
1301
1285
1288
1289
1261
1290
1285
1298
1289
1294
1298
1292
1286
1284
1280
1288
1297
1288
1296
1296
1292
1294
1302
1307
1302
1314
1312
1124
1327
1367
1370
1311
1306
1301
1303
1318
1307
1309
1304
1312
1303
1304
1298
1305
1304
1310
1305
1307
1301
1301
1305
1306
1308
1305
1308
1302
1308
1298
1302
1307
1311
1310
1308
1301
1316
1308
1313
1309
1306
1303
1307
1303
1378
1308
1301
1298
1301
1302
1301
1303
1223
1312
1296
1305
1302
1297
1297
1299
1299
1312
1306
1300
1293
1299
1297
1302
1302
1297
1300
1293
1293
1303
1308
1292
1305
1302
1284
1305
1293
1301
1302
1310
1302
1310
1304
1300
1298
1348
1326
1265
1304
1313
1309
1315
1305
1297
1309
1306
1322
1300
1313
1308
1310
1305
1531
1586
1419
1481
1314
1308
1318
1298
1319
1313
1310
1305
1312
1310
1309
1310
1305
1302
1301
1320
1308
1312
1303
1325
1305
1315
1306
1311
1301
1308
1313
1309
1321
1311
1305
1298
1307
1309
1314
1306
1313
1311
1314
1306
1316
1307
1292
1310
1316
1310
1305
1308
1300
1309
1303
1316
1300
1323
1299
1312
1304
1307
1309
1304
1309
1297
1304
1305
1303
1294
1401
1286
1297
1305
1308
1303
1305
1314
1314
1312
1312
1301
1315
1300
1308
1290
1323
1297
1288
1298
1305
1307
1305
1306
1296
1304
1298
1290
1299
1303
1295
1304
1296
1291
1303
1298
1310
1300
1298
1309
1309
1306
1309
1303
1301
1296
1316
1297
1308
1305
1292
1306
1303
1310
1305
1304
1302
1311
1310
1313
1303
1304
1300
1299
1314
1305
1306
1297
1300
1294
1312
1305
1400
1306
1303
1297
1367
1305
1309
1317
1311
1315
1312
1307
1310
1309
1294
1301
1302
1310
1302
1304
1305
1308
1302
1316
1303
1304
1305
1306
1297
1282
1295
1289
1284
1284
1293
1277
1283
1283
1285
1278
1312
1297
1301
1298
1290
1293
1294
1296
1298
1308
1301
1300
1302
1305
1300
1296
1298
1306
1313
1285
1364
1291
1306
1784
2022
1309
1308
1306
1308
1307
1307
1307
1302
1309
1309
1305
1308
1302
1324
1302
1310
1309
1307
1307
1301
1308
1308
1305
1301
1304
1308
1310
1298
1302
1300
1294
1303
1295
1298
1305
1303
1307
1302
1305
1305
1309
1311
1302
1301
1299
1305
1296
1306
1310
1300
1305
1314
1305
1307
1298
1302
1304
1307
1300
1303
1301
1308
1299
1300
1304
1308
1312
1307
1303
1314
1305
1303
1313
1306
1307
1304
1298
1303
1300
1304
1319
1304
1305
1127
1412
1367
1296
1306
1293
1300
1295
1293
1293
1297
1284
1297
1287
1290
1285
1288
1302
1290
1265
1300
1291
1295
1293
1290
1298
1293
1290
1292
1290
1285
1282
1292
1287
1293
1293
1290
1279
1284
1283
1289
1290
1288
1285
1277
1302
1290
1290
1282
1286
1284
1280
1291
1291
1289
1284
1285
1280
1295
1285
1298
1277
1285
1279
1295
1299
1282
1279
1283
1279
1290
1285
1285
1282
1284
1285
1284
1302
1286
1283
1294
1279
1289
1285
1288
1281
1288
1284
1289
1285
1284
1288
1284
1283
1290
1286
1288
1280
1286
1284
1281
1290
1283
1294
1279
1286
1311
1292
1292
1291
1284
1291
1292
1296
1290
1289
1285
1284
1287
1289
1293
1294
1294
1290
1292
1296
1297
1290
1295
1295
1294
1286
1291
1299
1292
1293
1292
1290
1289
1295
1299
1295
1291
1287
1291
1297
1293
1282
1287
1288
1296
1300
1293
1308
1291
1287
1288
1293
1297
1297
1293
1290
1287
1291
1286
1297
1293
1287
1302
1288
1290
1301
1290
1292
1294
1291
1298
1290
1282
1290
1289
1282
1278
1280
1291
1285
1290
1278
1283
1286
1285
1293
1280
1281
1286
1281
1287
1300
1292
1287
1285
1287
1286
1297
1280
1285
1281
1324
1278
1297
1292
1283
1286
1287
1285
1286
1302
1290
1284
1280
1287
1293
1277
1284
1280
1285
1281
1286
1291
1285
1283
1278
1277
1289
1287
1278
1286
1278
1279
1289
1291
1283
1282
1287
1289
1289
1284
1286
1284
1281
1280
1292
1279
1286
1282
1285
1280
1289
1288
1289
1282
1284
1282
1300
1290
1283
1282
1286
1284
1288
1286
1290
1282
1283
1289
1289
1288
1283
1279
1282
1280
1283
1294
1288
1286
1285
1282
1285
1291
1288
1310
1291
1275
1286
1286
1284
1281
1278
1281
1292
1289
1294
1283
1283
1285
1287
1290
1283
1284
1286
1281
1283
1283
1285
1283
1284
1277
1289
1290
1284
1282
1281
1281
1281
1289
1285
1284
1278
1282
1289
1289
1292
1284
1287
1287
1282
1281
1277
1279
1128
1342
1292
1293
1286
1288
1282
1281
1291
1289
1297
1279
1282
1288
1287
1289
1289
1287
1293
1293
1284
1299
1292
1283
1278
1286
1284
1284
1282
1283
1285
1281
1286
1294
1284
1283
1282
1285
1280
1288
1278
1289
1281
1285
1281
1290
1280
1276
1277
1281
1279
1291
1285
1287
1287
1279
1292
1291
1280
1281
1284
1288
1272
1295
1289
1280
1282
1278
1284
1285
1280
1290
1285
1286
1281
1294
1283
1282
1279
1285
1278
1289
1287
1281
1281
1282
1291
1291
1289
1302
1290
1291
1283
1290
1286
1292
1284
1293
1278
1287
1290
1293
1283
1280
1281
1290
1291
1290
1287
1283
1287
1289
1290
1279
1285
1283
1286
1285
1294
1287
1285
1292
1287
1286
1290
1285
1279
1289
1289
1292
1291
1283
1282
1291
1281
1355
1288
1284
1279
1281
1274
1279
1293
1291
1294
1280
1277
1281
1291
1277
1294
1289
1286
1291
1300
1290
1290
1289
1285
1287
1288
1283
1284
1277
1285
1287
1292
1282
1293
1288
1278
1282
1290
1285
1280
1290
1289
1290
1293
1289
1296
1287
1294
1287
1292
1288
1285
1284
1291
1290
1290
1284
1288
1276
1279
1285
1291
1290
1290
1293
1358
1284
1289
1287
1291
1283
1289
1289
1297
1287
1289
1291
1295
1291
1293
1289
1277
1290
1283
1298
1296
1294
1284
1287
1286
1294
1292
1283
1287
1293
1290
1288
1287
1283
1280
1282
1279
1279
1286
1274
1281
1285
1287
1269
1281
1281
1278
1299
1274
1289
1290
1288
1285
1285
1279
1280
1290
1287
1281
1282
1278
1279
1300
1286
1293
1275
1283
1277
1292
1281
1289
1273
1282
1275
1291
1295
1290
1296
1286
1289
1286
1290
1296
1278
1288
1292
1287
1276
1291
1277
1288
1284
1292
1293
1295
1278
1289
1278
1291
1279
1297
1286
1277
1280
1289
1293
1289
1292
1284
1283
1286
1298
1284
1297
1281
1274
1288
1285
1288
1286
1305
1283
1290
1284
1286
1288
1291
1282
1295
1290
1271
1292
1282
1289
1288
1299
1287
1295
1288
1289
1285
1290
1293
1295
1287
1277
1280
1289
1292
1277
1299
1281
1294
1285
1286
1284
1304
1284
1281
1288
1280
1277
1271
1294
1279
1299
1281
1287
1279
1292
1411
1299
1282
1265
1285
1287
1289
1298
1293
1289
1287
1293
1299
1291
1292
1291
1289
1291
1284
1289
1293
1286
1283
1290
1286
1297
1299
1277
1276
1281
1281
1307
1280
1275
1280
1281
1285
1291
1287
1291
1283
1322
1293
1287
1282
1294
1286
1300
1288
1291
1290
1285
1286
1286
1283
1292
1293
1293
1278
1277
1275
1284
1292
1287
1289
1282
1289
1294
1285
1291
1285
1286
1274
1289
1289
1284
1281
1279
1282
1292
1287
1286
1285
1298
1281
1289
1291
1284
1282
1281
1275
1287
1285
1289
1293
1286
1290
1288
1283
1283
1278
1282
1275
1287
1288
1287
1281
1286
1280
1288
1295
1283
1280
1281
1293
1291
1290
1291
1288
1301
1290
1290
1289
1287
1294
1292
1295
1289
1289
1313
1292
1296
1292
1292
1294
1292
1292
1294
1290
1298
1287
1291
1286
1290
1294
1289
2063
2481
1307
1297
1482
2192
1761
1299
1306
2324
2405
1318
1201
2194
2523
1242
1501
1757
1305
2217
2353
1324
1211
2322
1946
1299
1273
1953
2504
1341
1303
1148
2330
2111
1295
1303
1877
2497
1311
1294
1299
1917
2490
1337
1296
1291
2127
2271
1298
1299
1278
2323
2007
1300
1308
1179
2324
1652
1303
1297
1500
2321
1418
1299
1310
1750
2450
1310
1304
1302
2006
2346
1306
1299
1636
2512
1346
1327
1298
1841
2317
1423
1297
1245
2336
1892
1309
1299
1301
1295
1292
1298
1299
1302
1300
1293
1294
1294
1301
1293
1294
1294
1295
1299
1296
1300
1298
1303
1300
1301
1296
1298
1297
1303
1296
1303
1300
1292
1291
1292
1300
1295
1294
1304
1519
1890
1969
1935
1278
1276
1291
1277
1288
1294
1290
1287
1278
1289
1290
1291
1285
1292
1284
1290
1293
1293
1298
1295
1298
1313
1299
1287
1297
1293
1290
1310
1289
1298
1298
1298
1298
1305
1291
1298
1292
1295
1295
1311
1248
1304
1291
1296
1298
1298
1314
1299
1302
1292
1293
1281
1305
1292
1295
1297
1298
1276
1427
1302
1293
1270
1313
1304
1333
1303
1267
1327
1296
1299
1309
1294
1314
1297
1292
1298
1282
1297
1294
1291
1302
1293
1284
1297
1299
1297
1306
1298
1295
1308
1304
1300
1297
1294
1274
1438
1253
1340
1300
1300
1299
1316
1291
1296
1291
1294
1346
1314
1266
1296
1292
1266
1300
1306
1431
1301
1289
1292
1304
1307
1302
2311
2115
1299
1312
1755
2312
1377
1307
1095
2320
1893
1293
1313
1291
2344
2155
1306
1314
1759
2318
1334
1307
1135
2320
1809
1310
1302
1297
2316
1687
1313
1308
1223
2325
1761
1311
1288
2428
2331
1303
1297
1089
2391
1302
1317
1306
1309
2322
2387
1583
1300
1904
2443
1310
1311
1302
1879
2494
1307
1308
1299
1673
2471
1311
1311
1493
2333
1459
1304
1303
1711
2403
1358
1302
1226
2373
1978
1317
1308
1302
1310
1299
1310
1303
1300
1302
1305
1292
1295
1300
1300
1285
1298
1297
1297
1295
1294
1293
1287
1304
1295
1297
1295
1290
1297
1300
1290
1294
1289
1292
1297
1294
1290
1290
1303
1291
1305
1290
1298
1293
1284
1293
1297
1292
1299
1291
1293
1289
1296
1300
1289
1292
1292
1294
1306
1295
1292
1292
1295
1293
1292
1295
1294
1291
1296
1289
1292
1293
1289
1290
1295
1288
1296
1298
1355
1297
1296
1292
1284
1289
1296
1295
1294
1294
1292
1294
1296
1298
1294
1294
1292
1297
1291
1289
1289
1292
1296
1293
1295
1293
1290
1291
1293
1295
1296
1293
1295
1294
1313
1289
1287
1294
1297
1295
1307
1299
1293
1299
1290
1296
1296
1300
1293
1291
1292
1292
1292
1289
1294
1286
1287
1289
1292
1291
1292
1277
1300
1292
1288
1292
1288
1283
1284
1280
1288
1292
1285
1294
1291
1294
1292
1294
1293
1300
1279
1282
1291
1293
1293
1327
1297
1318
1302
1294
1293
1281
1287
1303
1306
1294
1295
1288
1297
1291
1296
1302
1291
1294
1288
1296
1291
1294
1291
1295
1299
1294
2147
2383
1292
1301
1129
2314
1916
1303
1306
2092
2468
1307
1299
1301
2094
2429
1303
1300
1408
2316
1551
1307
1302
1896
2502
2675
1311
1639
2319
1313
1301
1295
2292
2150
1306
1330
1769
2320
1536
1316
1306
1481
2326
1550
1308
1107
2345
2061
1305
1302
1146
2335
1721
1298
1304
1188
2329
1766
1293
1301
2288
2318
1312
1297
1452
2325
1798
1302
1307
1250
2328
1551
1306
1299
1541
2373
1311
1308
1305
1694
2345
2321
1308
1307
1305
1293
1304
1304
1302
1299
1298
1292
1305
1298
1310
1315
1312
1303
1295
1301
1288
1298
1297
1300
1299
1301
1295
1291
1299
1301
1294
1296
1287
1305
1300
1295
1290
1297
1287
1298
1291
1289
1292
1301
1291
1293
1303
1293
1289
1295
1292
1296
1287
1292
1296
1282
1310
1302
1300
1302
1295
1313
1299
1298
1292
1298
1291
1295
1295
1298
1297
1296
1309
1289
1290
1290
1293
1292
1296
1288
1303
1293
1293
1290
1292
1290
1291
1289
1298
1326
1315
1293
1300
1307
1305
1302
1284
1304
1304
1305
1309
1298
1285
1289
1297
1297
1301
1300
1292
1292
1290
1294
1292
1288
1302
1300
1290
1293
1289
1296
1288
1294
1294
1301
1295
1296
1295
1308
1297
1304
1283
1290
1294
1297
1292
1293
1300
1292
1297
1294
1297
1297
1293
1292
1292
1290
1290
1300
1293
1298
1297
1302
1300
1299
1301
1294
1289
1286
1292
1298
1293
1295
1297
1289
1293
1290
1297
1288
1294
1284
1299
1297
1294
1284
1289
1285
1290
1300
1289
1284
1288
1294
1290
1300
1306
1296
1293
1293
1298
1292
1293
1293
1294
1294
1289
1289
1295
1295
1297
1297
1293
1291
1297
1295
1293
1293
1298
1288
1284
1291
1289
1293
1290
1288
1291
1303
1293
1296
1290
1294
1291
1290
1293
1296
1293
1293
1285
1290
1289
1286
1288
1291
1294
1286
1286
1285
1285
1283
1294
1284
1278
1291
1286
1293
1291
1289
1276
1290
1293
1283
1280
1284
1286
1296
1282
1288
1295
1290
1291
1289
1287
1288
1296
1288
1284
1286
1288
1285
1293
1294
1290
1288
1290
1310
1285
1285
1289
1290
1296
1295
1290
1296
1297
1287
1285
1291
1299
1290
1295
1288
1298
1292
1293
1299
1296
1289
1290
1289
1296
1296
1290
1292
1284
1290
1291
1301
1290
1294
1290
1294
1293
1296
1292
1295
1292
1295
1293
1291
1287
1285
1305
1298
1295
1292
1298
1293
1296
1294
1293
1298
1296
1299
1299
1292
1304
1297
1295
1290
1297
1299
1298
1293
1286
1294
1296
1299
1292
1293
1293
1285
1294
1292
1299
1298
1289
1301
1295
1290
1298
1292
1296
1294
1292
1297
1291
1297
1291
1292
1288
1292
1293
1287
1281
1282
1294
1292
1288
1293
1299
1293
1294
1290
1289
1288
1294
1290
1292
1290
1294
1291
1291
1293
1286
1292
1291
1292
1280
1286
1280
1285
1293
1295
1303
1291
1284
1298
1300
1290
1280
1296
1303
1296
1299
1294
1290
1291
1288
1286
1293
1285
1295
1286
1299
1293
1296
1293
1287
1291
1294
1296
1285
1293
1292
1295
1295
1293
1292
1297
1294
1290
1293
1293
1292
1290
1291
1290
1289
1288
1295
1296
1294
1297
1294
1297
1299
1289
1296
1293
1290
1294
1291
1294
1289
1294
1287
1289
1296
1302
1299
1294
1291
1290
1291
1286
1283
1288
1294
1299
1289
1280
1289
1291
1297
1296
1294
1298
1295
1292
1290
1292
1292
1295
1294
1299
1293
1293
1290
1299
1295
1287
1290
1294
1278
1293
1290
1290
1288
1409
1860
1303
1301
1300
1143
2273
2272
2287
2288
2265
2300
2290
2473
1308
1301
1301
1298
1305
1159
2320
2315
2312
2325
2318
2303
1623
1303
1316
1311
1308
1602
2518
1299
1310
1259
2356
1840
1314
1300
2066
2436
1309
1301
1302
1942
2338
1308
1309
1292
2228
2035
1308
1299
1309
2331
1744
1307
1303
1246
2360
1796
1309
1309
1139
2352
1880
1360
1291
1298
2345
2250
1311
1303
1148
2337
1966
1318
1310
1308
2340
2332
2333
1733
1315
1315
1304
1286
1417
1781
2335
2346
2315
1329
1314
1308
1305
1325
1627
2364
2033
1636
2421
1777
1349
2150
2587
1324
1309
1308
1273
2383
2128
1263
2306
2397
1321
1315
1306
1182
2384
2327
1323
1311
2115
2129
1307
1308
1308
1782
2330
2343
2110
1323
1310
1318
1305
1313
1135
2360
1365
1306
1313
1838
1582
1308
1304
1303
1247
2324
2348
1829
1304
1314
1782
2358
1324
2545
1319
1305
1308
1298
1849
1472
1309
1308
1304
1331
1958
2352
2256
1309
1320
2457
1311
1301
1324
1908
2346
2338
1704
1312
1313
1295
1309
1309
1305
2099
1353
1310
1312
1205
2289
1310
1308
1309
1372
1996
1298
1307
1304
1303
2180
1313
1305
1309
1307
1301
2236
2327
2334
1333
1313
1312
1300
1305
1314
2345
1314
1303
1311
1751
2133
1307
1305
1303
1309
2035
1311
1305
1311
1301
1503
1844
1297
1300
1312
1273
2525
1300
1310
1301
1136
2412
1304
1299
1308
1295
2445
1295
1316
1301
1306
1228
2351
1301
1307
1302
1301
2202
1299
1309
1411
1524
1818
1371
1297
1309
1384
2603
1320
1307
1301
1129
2362
1306
1304
1307
1285
2537
1298
1294
1303
1309
1431
1977
1307
1304
1305
1336
2117
1300
1296
1345
1175
2276
1307
1308
1308
1309
1736
1696
1311
1301
1302
1355
2037
1307
1305
1303
1279
2134
1301
1303
1304
1225
2333
2177
1309
1308
1311
1983
1963
1306
1305
1210
2543
1312
1305
1312
1228
2506
1300
1302
1310
1303
2282
1302
1304
1303
1291
1143
2184
1300
1311
1300
1301
2469
1308
1302
1305
1298
2151
1369
1301
1312
1301
2473
1289
1311
1316
1306
1497
1833
1306
1298
1291
1109
2304
1952
1297
1293
1306
1303
1298
1304
1300
1300
2211
2277
1295
1310
1301
1299
1298
1298
1298
1298
1303
1294
1296
1300
1301
1302
1304
1304
1300
1301
1303
1304
1303
1374
1290
1297
1302
1297
1298
1299
1300
1293
1299
1302
1144
2320
1903
1323
1305
1734
2405
1355
1313
1305
1330
1338
1327
1306
1300
1303
1293
1307
1301
1300
1303
1296
1305
1300
1306
1274
1304
1304
1300
1304
1297
1300
1294
1298
1312
1295
1295
1294
1309
1299
1297
1292
1300
1298
1287
1308
1302
1296
1292
1297
1296
1296
1293
1294
1293
1297
1289
1633
2374
1305
1298
1295
1310
1300
1306
1304
1299
1289
1299
1294
1294
1291
1295
1292
1299
1299
1297
1293
1305
1292
1294
1290
1297
1296
1290
1300
1295
1295
1300
1294
1293
1305
1290
1293
1296
1299
1297
1305
1621
2269
2283
2291
1887
1330
1298
1300
1292
1303
1313
1331
1319
1303
1296
1318
1298
1319
1277
1305
1320
1321
1319
1332
1325
1322
1301
1320
1305
1298
1301
1295
1295
1725
2341
1368
1317
1330
1335
1285
1311
1283
1311
1312
1338
1329
1333
1325
1323
1268
1311
1295
1323
1319
1295
1300
1323
1294
1304
1298
1316
1300
1321
1295
1295
1297
1302
1309
1299
1297
1293
1292
1299
1301
1292
1277
1300
1298
1299
1291
1307
1290
1323
1295
1300
1327
1326
1319
1335
1323
1339
1329
1326
1309
1281
1294
1302
1345
1294
1357
1313
1329
1306
2339
2377
1293
1307
1324
1330
1331
1282
1293
1288
1304
1301
1297
1299
1293
1290
1295
1303
1291
1323
1297
1301
1301
1295
1302
1297
1301
1298
1298
1294
1302
1296
1300
1295
1300
1295
1298
1299
1290
1302
1297
1299
1295
1296
1293
1304
1301
1293
1296
1295
1295
1298
1303
1297
1298
1297
1295
1296
1303
1300
1300
1294
1296
1294
1293
1296
1288
1302
1293
1303
1288
1296
1296
1297
1292
1300
1292
1290
1301
1298
1300
1294
1296
1294
1291
1294
1298
1296
1687
2374
1329
1302
1304
1304
1303
1306
1327
1295
1304
1296
1300
1314
1323
1312
1336
1310
1337
1323
1316
1307
1297
1320
1299
1293
1300
1318
1317
1324
1316
1323
1297
1318
1298
1326
1321
1324
1302
1318
1267
1302
1295
1327
1297
1300
1297
1296
1319
1289
1301
1295
1295
1301
1301
1295
1298
1301
1298
1293
1306
1292
1297
1296
1297
1295
1288
1297
1291
1297
1294
1296
1300
1297
1294
1309
1294
1305
1298
1295
1295
1288
1292
1292
1301
1293
1300
1291
1301
1292
1291
1292
1301
1292
1296
1295
1299
1294
1291
1298
1293
1296
1289
1298
1296
1295
1295
1298
1295
1295
1298
1294
1294
1294
1296
1293
1299
1294
1297
1763
1298
1291
1302
1292
1301
1295
1292
1296
1295
1295
1295
1295
1294
1296
1293
1291
1294
1297
1296
1296
1296
1301
1272
1299
1297
1290
1296
1293
1289
1289
1291
1297
1299
1297
1293
1266
1301
1290
1297
1300
1276
1293
1291
1295
1299
1291
1300
1319
1296
1297
1293
1295
2227
2388
1296
1295
1303
1297
1309
1297
1297
1277
1321
1290
1457
2311
1735
1300
1299
1311
1297
1307
1306
1303
1293
1299
1300
1297
1300
1295
1302
1298
1297
1293
1293
1292
1294
1295
1296
1296
1301
1294
1294
1293
1294
1295
1296
1296
1294
1295
1297
1300
1293
1299
1289
1292
1292
1301
1296
1296
1295
1295
1313
1308
1297
1295
1305
1300
1297
1294
1303
1132
2295
2112
1304
1306
1358
1301
1296
1295
1306
1291
1378
1291
1298
1320
1294
1297
1358
1294
1299
1293
1310
1297
1294
1303
1315
1301
1286
1285
1372
1334
1298
1297
1298
1302
1313
1306
1289
1301
1295
1300
1356
1287
1291
1295
1290
1117
2357
1335
1298
1295
1236
1470
1296
1301
1293
1304
1533
1305
1292
1298
1319
1311
1689
1306
1299
1292
1299
1295
1303
1292
1302
1296
1299
1299
1667
1295
1307
1295
1301
1319
1322
1291
1325
1275
1300
1546
1303
1295
1302
1295
1291
1229
1295
1293
1294
1298
1298
1251
1305
1301
1297
1304
1297
1362
1292
1294
1299
1298
1299
1297
1301
1294
1301
1300
1292
1732
1797
1302
1299
1301
1290
1353
1301
1296
1304
1300
1295
1291
1304
1294
1300
1308
1295
1374
1297
1301
1309
1295
1288
1348
1292
1301
1298
1295
1363
1302
1300
1297
1300
1293
1295
1296
1298
1292
1296
1296
1354
1293
1293
1296
1300
1298
1294
1292
1303
1304
1293
1294
1298
1254
2108
1303
1303
1349
1301
1292
1303
1295
1327
1341
1293
1290
1299
1435
1298
1385
1295
1302
1295
1291
1269
1302
1293
1299
1342
1299
1295
1291
1295
1440
1294
1294
1309
1361
1293
1299
1293
1297
1285
1298
1299
1295
1308
1327
1285
1377
1301
1289
1324
1292
1261
1302
1318
1424
2115
2450
2612
2682
1564
1522
1374
1338
1345
1290
1324
1301
1324
1423
1324
1321
1301
1299
1293
1276
1290
1512
1318
1384
1296
1299
1298
1327
2133
2362
1291
1298
1400
2327
1793
1297
1300
1297
1309
1323
1312
1298
1213
2311
1864
1316
1324
1452
1507
1380
1572
1363
1697
1364
1378
1798
1302
1360
1706
2327
1471
1308
1335
1471
1321
1327
1302
1302
1493
2466
1720
1345
1441
1530
1525
1327
1586
1213
1497
1408
1649
1322
1556
1364
2455
2036
1438
1319
2410
2196
1421
1146
2164
1321
1323
1468
1303
1269
2346
2035
1315
1409
1330
1340
1347
1293
1314
1305
2355
1951
1296
1341
2081
2658
1962
1744
1290
1324
1296
1276
1325
1336
1372
2436
1341
1269
1133
2360
1829
1305
1316
1360
1311
1316
1296
1365
1325
2051
2415
1322
1327
1294
1330
1991
2400
1276
1284
1297
1329
1310
1325
1314
1488
2345
1565
1340
1307
1337
1310
1326
1301
1324
1300
1322
1302
1292
1299
1316
1275
2324
1765
1353
1293
1330
1320
1331
1313
1322
1320
1895
2497
1297
1325
1302
1298
1302
1314
1348
1295
1341
1318
1310
1307
1314
1309
1323
2083
2406
1321
1309
1289
1307
1286
1305
1306
1333
1239
2314
2451
1304
1428
2021
2330
1924
1320
2120
2353
1446
1310
2130
2413
1367
1336
1462
2366
1636
1356
1156
1411
1331
1342
1361
1298
1285
1429
1336
1343
1318
1321
1390
1360
1311
1343
1318
1337
1598
1325
1317
1334
1357
1341
1387
1335
1330
1327
1322
1330
1307
1828
2395
1344
1342
1334
1329
1355
1333
1329
1374
2296
2579
1359
1121
2380
2041
1325
1331
1604
2329
1332
1329
1383
1774
2363
1344
1317
1195
2342
1638
1329
1328
1399
2352
1516
1344
1417
2432
2430
2637
1371
1768
2467
1359
1350
1706
2545
1341
1325
1329
2283
2146
1355
1252
2042
2603
1347
1355
1338
1980
2559
1350
1349
1289
2386
1412
1338
1340
1838
1350
1343
1354
1321
1335
2181
2487
1342
1322
1712
1343
1347
1324
1370
1338
1837
1344
1368
1555
1342
1787
2049
1331
1339
1330
1836
1344
1333
1332
1334
1195
1672
1326
1331
1339
1320
1698
2505
1369
1374
1378
1860
1887
1381
1339
1363
1943
2059
1340
1346
1374
2048
2274
1337
1322
1316
1327
1332
1324
1319
1358
1337
1393
1329
1314
1313
1326
1325
1323
1344
1323
1307
1363
1312
1322
1344
1355
1317
1324
2024
1339
1318
1325
1319
1325
2047
2341
1329
1310
1386
1319
1324
1314
1325
1317
1374
1310
1317
1317
1326
1311
1323
1320
1320
1332
1317
1316
1376
1325
1317
1319
1317
1324
1321
1321
1314
1320
1314
1322
1374
1316
1315
1297
1321
1314
1320
1315
1316
1314
1748
1570
2313
1805
1325
1314
1934
2331
1608
1382
1235
2337
2313
1546
2360
1332
1323
1333
1340
1364
2298
2326
1745
1402
2126
2342
1468
1327
1489
2372
2089
1535
1482
2164
2404
1576
2244
2436
1342
1321
1328
2306
1982
1330
1322
1180
2351
1583
1584
1340
1501
2335
2375
2396
2409
2392
2378
2456
2402
2402
2365
2405
2354
2266
2375
2042
1377
1416
1343
1959
2527
2514
2530
2067
1524
1456
1339
1681
1333
1306
1295
1355
1333
1346
1360
1324
1515
1341
1358
1321
1354
1313
1435
1321
1355
1317
1329
1288
1453
1313
1336
1320
1297
1250
1766
1320
1300
1319
1322
1494
1317
1343
1311
1338
1319
1465
1331
1324
1316
1323
1274
1356
1316
1317
1321
1312
1318
1320
1317
1315
1324
1322
1318
1315
1319
1318
1317
1318
1318
1319
1311
1317
1315
1318
1317
1314
1320
1317
1313
1318
1312
1312
1318
1325
1306
1317
1314
1319
1318
1310
1318
1313
1306
1292
1315
1311
1309
1321
1318
1318
1321
1311
1310
1319
1311
1308
1321
1311
1316
1310
1318
1311
1314
1311
1312
1314
1319
1311
1310
1318
1309
1311
1786
2470
1316
1313
1321
1314
1315
1318
1312
1318
1316
1317
1309
1315
1312
1314
1323
1407
1329
1315
1313
1320
1318
1316
1310
1307
1319
1312
1319
1309
1314
1312
1317
1310
1313
1318
1311
1344
1309
1316
1737
1320
1309
1314
1306
1318
1311
1309
1314
1300
1311
1319
1317
1312
1317
1322
1313
1307
1309
1311
1318
1314
1314
1308
1360
1308
1314
1318
1317
1311
1317
1316
1305
1314
1316
1716
2400
2428
2443
2568
1327
1319
1322
1318
1320
1324
1323
1318
1322
1318
2283
2180
1316
1317
1387
1553
1319
1320
1318
1312
1834
2363
1381
1319
1316
1317
1301
1396
1306
1318
1782
1966
1332
1316
1331
1318
1317
1316
1322
1313
1322
1322
1321
1312
1305
1320
1319
1315
1318
1327
1320
1317
1319
1321
1317
1322
1319
1322
1318
1316
1315
1321
1317
1315
1317
1318
1316
1325
1314
1317
1316
1322
1318
1314
1322
1319
1320
1315
1324
1323
1314
1317
1313
1323
1309
1317
1314
1311
1313
1322
1316
1315
1320
1315
1315
1321
1318
1316
1322
1736
2376
2385
2379
2395
2366
2423
2425
2245
2362
2420
2382
2152
1401
1989
1476
1324
1327
1324
1321
1317
1321
1319
1323
1462
1333
1320
1321
1345
1326
1341
1338
1327
1320
1320
1318
1342
1312
1320
1312
1317
1310
1317
1322
1318
1312
1359
1322
1334
1308
1316
1315
1327
1315
1318
1319
1310
1316
1311
1317
1310
1311
1314
1314
1316
1315
1314
1167
2327
1874
1329
1323
1319
1317
1320
1317
1322
1319
1318
1315
1307
1316
1312
1316
1369
1315
1319
1314
1311
1314
1311
1320
1307
1308
1312
1311
1308
1311
1308
1306
1319
1305
1307
1315
1322
1310
1321
1309
1312
1314
1309
1311
1318
1313
1318
1313
1314
1310
1312
1301
1304
1316
1315
1315
1310
1967
2431
1320
1325
1324
1405
1324
1326
1312
1334
1326
1320
1307
1312
1317
1318
1321
1319
1309
1316
1310
1320
1314
1311
1320
1311
1312
1316
1312
1309
1312
1313
1328
1317
1766
2467
1319
1322
1317
1318
1321
1318
1315
1315
1310
1316
1311
1306
1316
1309
1325
1314
1310
1309
1316
1318
1312
1314
1312
1312
1316
1314
1310
1312
1307
1315
1315
1313
1309
1317
1313
1318
1314
1310
1312
1313
1307
1317
1305
1313
1313
1318
1311
1317
1311
1304
1321
1314
1311
1311
1322
1313
1314
1314
1316
1314
1311
1313
1312
1326
1311
1311
1303
1301
1310
1315
1313
1315
1312
1311
1353
1326
1335
1321
1314
1314
1311
1320
1311
1310
1309
1315
1311
1305
1311
1313
1303
1310
1315
1315
1313
1306
1310
1317
1315
1312
1322
1320
1320
1316
1315
1316
1311
1309
1313
1314
1311
1314
1311
1314
1315
1320
1310
1320
1317
1315
1322
1320
1323
1317
1324
1320
1329
1319
1325
1312
1323
1319
1322
1314
1320
1307
1319
1320
1320
1318
1317
1310
1315
1308
1314
1318
1320
1317
1308
1319
1322
1313
1322
1311
1312
1310
1315
1333
1324
1323
1314
1316
1319
2221
2325
2373
2355
2380
2370
2386
2364
2398
1325
1408
2326
2346
1335
1322
1857
2330
2018
1331
1743
2334
1363
1363
1314
2160
2334
1531
1289
2011
2157
1319
1411
1316
1514
2506
1326
1394
1237
1609
1527
1638
1424
1322
1988
2224
1312
1443
1332
2289
1954
1311
1406
1131
2338
1678
1292
1289
1418
2337
1376
1327
1303
1768
2417
1315
1337
1315
2151
2123
1317
1336
1184
2343
1908
1311
1299
1298
2349
1462
1332
1314
1858
2340
1317
1333
1324
1333
1313
1334
1301
1324
1309
1298
1311
1310
1321
1313
1328
1308
1317
1305
1325
1315
1317
1305
1319
1308
1289
1303
1303
1314
1307
1313
1313
1321
1307
1317
1305
1321
1305
1321
1305
1290
1304
1307
1321
1307
1316
1307
1317
1295
1326
1303
1318
1304
1316
1311
1289
1311
1310
1355
1296
1377
1305
1346
1307
1362
1304
1348
1300
1331
1342
1352
1343
1270
1344
1326
1390
1325
1354
1350
1335
1332
1328
1372
1368
1348
1330
1370
1411
1322
1336
1304
1287
1300
1310
1321
1286
1313
1298
1311
1301
1316
1298
1326
1297
1319
1297
1287
1298
1299
1313
1297
1325
1302
1311
1298
1313
1296
1322
1300
1307
1303
1280
1306
1301
1319
1402
1327
1305
1320
1324
1328
1303
1313
1303
1317
1293
1283
1299
1299
1314
1301
1320
1293
1304
1303
1308
1300
1316
1292
1307
1298
1279
1314
1290
1306
1301
1311
1298
1314
1301
1312
1307
1325
1293
1285
1307
1301
1318
1295
1322
1351
1306
1409
1328
1298
1311
1296
1313
1341
1468
1303
1291
1294
1293
1290
1303
1309
1292
1308
1300
1307
1294
1300
1297
1292
1298
1303
1280
1299
1304
1293
1296
1291
1301
1300
1296
1298
1302
1304
1306
1298
1296
1294
1294
1298
1306
1300
1297
1305
1294
1295
1299
1295
1293
1306
1299
1301
1298
1295
1298
1297
1300
1300
1311
1296
1308
1298
1299
1295
1293
1295
1301
1286
1298
1293
1287
1299
1287
1293
1295
1296
1291
1298
1294
1299
1293
1298
1301
1302
1296
1286
1290
1312
1301
1293
1299
1284
1294
1300
1298
1297
1295
1292
1300
1296
1297
1301
1294
1295
1303
1302
1300
1304
1303
1298
1298
1296
1296
1298
1297
1286
1294
1300
1293
1299
1291
1288
1294
1293
1288
1292
1289
1292
1297
1288
1303
1298
1305
1291
1294
1290
1292
1295
1304
1290
1289
1297
1279
1304
1293
1295
1295
1295
1289
1297
1288
1284
1284
1290
1300
1303
1318
1285
1290
1287
1287
1297
1286
1289
1297
1296
1287
1296
1288
1292
1287
1293
1296
1294
1288
1294
1278
1290
1287
1293
1296
1288
1294
1288
1291
1300
1295
1290
1289
1282
1289
1299
1298
1292
1288
1287
1298
1281
1291
1291
1290
1297
1293
1294
1293
1294
1296
1280
1286
1288
1295
1293
1292
1288
1289
1299
1296
1292
1289
1284
1277
1296
1286
1291
1290
1290
1298
1293
1325
1295
1310
1290
1315
1299
1304
1302
1304
1290
1275
1302
1290
1311
1292
1305
1296
1305
1297
1307
1295
1306
1299
1278
1299
1286
1312
1289
1316
1300
1309
1292
1309
1292
1319
1289
1313
1288
1286
1300
1290
1302
1293
1320
1293
1309
1290
1305
1286
1326
1292
1276
1299
1289
1309
1293
1304
1282
1314
1283
1318
1301
1312
1288
1288
1286
1290
1313
1292
1307
1287
1304
1286
1307
1296
1317
1295
1287
1297
1303
1301
1299
1315
1277
2303
1727
1303
1312
2070
2328
1320
1303
1333
2303
1594
1319
1300
1572
2315
1330
1304
1328
1809
2485
1304
1318
1228
2321
1993
1306
1305
1351
2317
1549
1302
1305
2006
2292
1306
1320
1304
2251
2092
1306
1309
1919
1775
1307
1300
1312
1592
2358
1309
1298
1304
1793
2421
1312
1303
1309
2149
2091
1305
1307
1297
2332
1902
1301
1310
1403
2338
1389
1302
1305
1262
2331
1935
1304
1307
1390
2335
1432
1297
1311
2009
2252
1323
1304
1215
2335
1918
1301
1323
1326
2325
1538
1310
1306
1611
2429
1317
1314
1300
1982
2265
1313
1307
1311
1312
1307
1298
1305
1296
1302
1298
1297
1373
1299
1301
1307
1304
1302
1298
1305
1297
1306
1309
1301
1303
1297
1306
1302
1296
1301
1297
1298
1294
1325
1298
1310
1299
1314
1304
1303
1297
1303
1303
1218
1296
1296
1305
1296
1296
1324
1300
1294
1294
1306
1302
1307
1303
1294
1308
1294
1296
1296
1307
1301
1297
1298
1298
1297
1296
1298
1298
1304
1294
1293
1294
1291
1296
1299
1297
1307
1293
1292
1291
1300
1297
1303
1296
1294
1296
1293
1291
1298
1295
1295
1294
1297
1298
1317
1296
1296
1293
1294
1292
1305
1194
2380
2539
1323
1308
1299
1842
2328
1392
1328
1284
1316
1307
1288
1301
1305
1319
1301
1325
1307
1315
1305
1319
1299
1320
1311
1275
1307
1300
1314
1298
1312
1301
1323
1301
1309
1306
1304
1305
1316
1305
1284
1297
1299
1317
1288
1321
1297
1311
1300
1323
1305
1319
1300
1313
1296
1283
1303
1298
1317
1297
1322
1294
1314
1292
1312
1297
1305
1298
1276
1315
1294
1326
1301
1301
1300
1325
1296
1315
1294
1320
1297
1312
1295
1278
1299
1290
1308
1301
1310
1293
1308
1293
1313
1293
1317
1293
1318
1298
1289
1294
1294
1312
1294
1312
1298
1315
1295
1314
1301
1316
1306
1280
1294
1293
1315
1300
1311
1297
1311
1288
1314
1285
1325
1285
1316
1288
1285
1301
1294
1317
1293
1306
1299
1309
1292
1300
1285
1303
1294
1291
1297
1790
1336
1479
1468
1276
1294
1200
1288
1330
1377
2282
2461
1344
1299
1799
2311
1509
1330
1301
1328
1302
1299
1297
1308
1301
1318
1297
1308
1301
1277
1305
1294
1316
1295
1312
1291
1315
1297
1303
1293
1309
1296
1272
1300
1301
1315
1298
1311
1295
1314
1293
1317
1306
1327
1300
1268
1301
1316
1307
1291
1311
1271
1321
1300
1322
1297
1312
1526
1315
1293
1317
1296
1289
1299
1285
1312
1286
1313
1376
1321
1294
1316
1282
1300
1291
1223
2206
1375
1291
1317
1295
1281
1296
1292
1310
1302
1308
1296
1305
1297
1306
1283
1311
1292
1279
1295
1300
1311
1297
1305
1296
1309
1297
1307
1300
1347
1302
1311
1297
1288
1308
1293
1304
1302
1311
1300
1306
1296
1321
1292
1308
1312
1285
1302
1287
1292
1288
1303
1291
1311
1301
1311
1305
1289
1302
1290
1313
1289
1301
1284
1299
1295
1303
1292
1307
1291
1274
1292
1285
1299
1287
1304
1301
1309
1288
1305
1283
1291
1282
1267
1293
1281
1304
1284
1310
1286
1307
1284
1304
1287
1304
1286
1264
1286
1365
1322
1285
1304
1285
1308
1282
1310
1294
1309
1297
1286
1290
1296
1309
1282
1311
1312
1315
1291
1305
1291
1316
1292
1278
1378
2306
1763
1300
1297
1886
2459
1310
1325
1304
1918
2443
1304
1323
1095
2337
2048
1319
1320
1812
2391
1323
1349
1257
2439
2292
1320
1321
1724
2369
1325
1313
1318
1974
2521
1318
1320
1329
1992
2527
1340
1321
1502
2334
1544
1324
1316
1690
2323
1356
1314
1128
2340
1915
1324
1319
1327
2343
1537
1318
1244
2314
2332
1407
1318
1142
2342
1941
1318
1327
1456
2328
1400
1323
1320
1317
1322
1321
1325
1324
1321
1321
1321
1319
1327
1321
1325
1317
1321
1311
1321
1510
1315
1310
1314
1316
1320
1323
1339
1321
1311
1324
1314
1317
1315
1317
1314
1317
1314
1308
1324
1316
1316
1313
1310
1319
1321
1320
1308
1316
1322
1314
1311
1311
1309
1310
1313
1309
1312
1321
1311
1308
1317
1316
1314
1317
1311
1326
1309
1322
1311
1313
1316
1316
1311
1316
1312
1313
1314
1317
1312
1309
1320
1308
1310
1305
1313
1311
1314
1308
1317
1308
1315
1308
1318
1309
1306
1314
1315
1321
1314
1314
1309
1312
1316
1319
1317
1316
1309
1310
1312
1309
1315
1311
1312
1312
1314
1307
1315
1315
1321
1315
1312
1313
1316
1312
1318
1318
1315
1309
1313
1315
1305
1320
1313
1315
1313
1323
1310
1319
1311
1312
1314
1315
1312
1311
1306
1310
1316
1317
1310
1314
1310
1314
1316
1306
1312
1313
1307
1316
1314
1309
1313
1314
1304
1309
1313
1321
1306
1311
1298
1318
1304
1312
1305
1311
1315
1312
1310
1311
1301
1312
1298
1308
1311
1326
1315
1313
1310
1323
1320
1309
1317
1303
1307
1309
1315
1312
1315
1317
1316
1312
1317
1310
1317
1309
1306
1319
1320
1303
1303
1314
1302
1304
1312
1309
1310
1312
1305
1311
1312
1303
1309
1310
1313
1311
1306
1315
1301
1304
1306
1314
1307
1305
1304
1297
1304
1309
1297
1305
1297
1307
1306
1305
1313
1306
1304
1306
1302
1311
1311
1306
1311
1304
1305
1301
1311
1305
1299
1308
1307
1301
1308
1300
1306
1305
1304
1311
1325
1309
1309
1308
1308
1305
1307
1308
1300
1311
1303
1313
1310
1308
1307
1303
1316
1322
1334
1301
1303
1301
1306
1309
1307
1306
1315
1303
1315
1308
1322
1309
1309
1307
1306
1315
1307
1304
1303
1304
1310
1320
1310
1308
1303
1307
1309
1309
1307
1312
1308
1311
1304
1312
1307
1297
1303
1303
1305
1310
1308
1306
1312
1311
1315
1310
1308
1313
1307
1307
1310
1313
1312
1309
1306
1309
1308
1311
1310
1305
1302
1307
1309
1303
1306
1307
1303
1308
1314
1300
1311
1318
1308
1308
1310
1305
1306
1304
1309
1310
1310
1312
1305
1306
1314
1308
1308
1316
1307
1311
1312
1313
1315
1316
1314
1318
1313
1313
1317
1312
1310
1314
1313
1316
1310
1310
1314
1319
1311
1312
1321
1319
1311
1305
1309
1302
1314
1312
1308
1311
1309
1306
1314
1309
1303
1300
1305
1303
1307
1307
1304
1308
1307
1307
1311
1308
1305
1305
1304
1307
1313
1304
1307
1328
1316
1308
1311
1303
1315
1305
1300
1307
1311
1307
1308
1303
1302
1305
1311
1308
1309
1300
1300
1309
1309
1308
1303
1305
1306
1311
1299
1316
1302
1304
1306
1308
1309
1310
1312
1307
1312
1305
1316
1310
1310
1306
1309
1280
1317
1308
1310
1313
1315
1311
1312
1316
1313
1310
1310
1607
2321
1498
1339
1320
2269
2277
1316
1320
1293
2352
2121
1320
1322
1830
2525
1355
1317
1321
1883
2525
1318
1321
1359
2198
1695
1314
1344
1804
2275
1733
1330
1341
2198
2608
1376
1329
1665
2111
1403
1342
1315
1784
2334
2459
1534
2038
2442
1249
1464
1301
2325
2052
1303
1310
1141
2330
1711
1295
1307
1394
2321
1451
1299
1237
2341
1935
1331
1293
1307
1979
2292
1307
1308
1149
2332
1605
1308
1302
1601
2391
1343
1311
1236
2341
1942
1308
1308
1294
2200
2233
1349
1301
1120
2334
1828
1311
1298
1371
2336
1312
1310
1303
1311
1298
1301
1303
1302
1301
1288
1303
1378
1305
1299
1301
1300
1300
1299
1300
1303
1309
1301
1304
1296
1294
1295
1289
1295
1301
1295
1300
1301
1291
1297
1293
1298
1289
1298
1295
1296
1298
1297
1292
1294
1288
1289
1297
1297
1305
1286
1298
1290
1304
1291
1295
1291
1292
1293
1291
1295
1297
1291
1297
1295
1294
1291
1297
1295
1294
1301
1293
1290
1296
1294
1290
1293
1299
1315
1302
1286
1291
1299
1285
1297
1293
1293
1305
1298
1306
1292
1294
1295
1294
1299
1299
1296
1295
1294
1292
1290
1291
1292
1291
1291
1293
1293
1292
1293
1299
1301
1293
1296
1294
1289
1294
1288
1291
1294
1364
1291
1293
1291
1285
1292
1331
1292
1304
1297
1289
1295
1307
1298
1319
1305
1290
2279
2544
1294
1299
1518
2330
1446
1343
1299
2338
1976
1303
1298
1217
2316
2067
1305
1297
1758
2392
1299
1327
1301
2050
2366
1312
1303
1141
2323
1944
1297
1303
1433
2335
1488
1298
1304
1482
2322
1525
1302
1592
2336
1811
1305
1308
1493
2334
1432
1306
1310
2037
2161
1313
1307
1303
2075
2520
1312
1304
1510
2336
1313
1313
1300
1829
2537
1339
1311
1238
2311
2276
1310
1316
1304
1306
1306
1298
1301
1304
1300
1303
1300
1298
1300
1296
1303
1304
1307
1304
1302
1304
1302
1304
1308
1298
1303
1303
1298
1301
1303
1304
1293
1304
1301
1293
1297
1308
1298
1294
1298
1294
1293
1299
1293
1304
1297
1292
1306
1295
1298
1300
1302
1301
1300
1293
1298
1295
1291
1300
1296
1288
1298
1295
1298
1299
1294
1295
1289
1334
1291
1294
1298
1293
1295
1296
1294
1295
1292
1299
1294
1292
1293
1291
1297
1293
1291
1306
1295
1291
1295
1298
1293
1294
1298
1300
1292
1300
1288
1298
1286
1298
1296
1289
1295
1299
1286
1290
1298
1297
1295
1290
1290
1290
1293
1299
1294
1292
1297
1289
1293
1290
1303
1293
1291
1299
1291
1285
1283
1302
1287
1298
1293
1295
1297
1297
1293
1295
1294
1294
1289
1319
1301
1269
2302
1921
1300
1319
1296
1305
1305
1302
1134
2315
1991
1305
1308
1078
2331
1954
1313
1304
2020
2417
1306
1297
1299
1975
2503
1305
1301
1267
2321
1709
1301
1304
1839
2421
1336
1312
1266
2390
2268
1314
1308
1281
2272
2258
1307
1312
1636
2428
1318
1305
1301
1939
2359
1310
1303
1298
2262
2042
1307
1308
1288
2348
1979
1303
1312
1247
2332
1475
1309
1308
1812
2491
1327
1307
1311
2217
2063
1298
1316
1303
2181
2102
1311
1315
1125
2331
1663
1324
1225
1879
2505
1313
1309
1393
2146
2262
1310
1306
1212
2335
1780
1310
1291
1313
1307
1304
1302
1300
1303
1305
1307
1294
1302
1297
1302
1296
1310
1298
1299
1295
1301
1301
1300
1304
1302
1301
1298
1295
1305
1301
1292
1296
1295
1295
1300
1297
1299
1296
1296
1296
1297
1301
1298
1312
1297
1296
1306
1289
1301
1297
1300
1293
1295
1294
1298
1290
1298
1288
1291
1301
1293
1298
1288
1298
1296
1296
1300
1298
1310
1297
1293
1297
1296
1294
1311
1297
1304
1298
1302
1297
1311
1294
1294
1281
1294
1300
1300
1295
1292
1296
1284
1295
1294
1301
1290
1298
1295
1305
1299
1300
1297
1295
1294
1294
1301
1781
2325
1410
1313
1296
1293
1296
1302
1290
1291
1300
1292
1288
1303
1297
1304
1294
1299
1299
1293
1300
1303
1289
1303
1295
1296
1297
1306
1293
1297
1294
1294
1293
1300
1292
1291
1293
1294
1291
1282
1294
1294
1292
1288
1294
1290
1294
1291
1290
1295
1290
1287
1286
1290
1346
1291
1293
1295
1309
1293
1291
1298
1295
1292
1309
1292
1284
1295
1301
1288
1295
1283
1287
1289
1291
1293
1299
1296
1293
1292
1286
1294
1297
1282
1291
1287
1345
1296
1302
1293
1293
1294
1290
1276
1300
1301
1291
1295
1288
1294
1291
1289
1286
1283
1292
1293
1291
1298
1298
1290
1286
1292
1286
1295
1292
1294
1288
1292
1295
1292
1301
1296
1294
1291
1290
1282
1282
1291
1287
1296
1287
1283
1285
1287
1294
1288
1292
1291
1292
1284
1281
1287
1284
1285
1289
1283
1284
1286
1299
1285
1290
1287
1293
1287
1284
1291
1286
1296
1289
1286
1280
1289
1291
1286
1286
1293
1293
1285
1300
1281
1290
1289
1296
1282
1295
1294
1279
1291
1284
1290
1250
1320
1327
1297
1349
1341
1297
1302
1293
1306
1428
1294
1303
1284
1305
1285
1403
2271
2179
1319
1245
1734
2317
1334
1300
1375
2311
2252
1291
1314
1421
2270
2231
1303
1350
1801
2346
1300
1304
1254
1909
2465
1308
1303
1107
2328
1858
1312
1305
2017
2322
1444
1310
1157
2330
1936
1298
1301
1116
2337
1734
1297
1312
1419
2329
1420
1305
1333
2287
2386
1314
1299
1317
2306
1997
1310
1334
1396
2328
1344
1309
1315
1727
2512
1316
1294
1316
1785
2344
2344
1331
2134
2080
1323
1293
1319
1308
1303
1308
1304
1292
1308
1302
1299
1304
1302
1293
1300
1303
1300
1308
1303
1302
1297
1304
1297
1302
1298
1296
1301
1298
1294
1300
1302
1295
1309
1302
1298
1297
1315
1304
1301
1299
1304
1293
1300
1289
1275
1310
1293
1292
1291
1307
1089
2331
1846
1307
1307
1836
2544
1319
1293
1253
2323
2077
1306
1300
1071
2326
1863
1301
1301
1241
2324
1759
1306
1307
2106
2437
1309
1312
1287
1991
2461
1322
1246
1932
2536
1314
1309
1407
2029
2285
1303
1306
1219
2336
1777
1306
1310
1540
2327
1322
1308
1267
1991
2232
1317
1305
1286
1676
2394
1315
1300
1413
2012
2343
1324
1311
1653
2391
1307
1317
1310
1939
2411
1304
1302
1307
2176
2068
1307
1306
1312
1826
2330
1312
1305
1821
2261
1474
1311
1289
1821
2378
1308
1309
1333
1315
1308
1303
1305
1305
1330
1292
1296
1300
1302
1304
1324
1300
1307
1304
1308
1308
1324
1303
1299
1297
1299
1302
1318
1299
1299
1302
1300
1299
1318
1301
1303
1301
1299
1302
1319
1310
1298
1301
1293
1298
1320
1294
1289
1294
1300
1300
1314
1294
1303
1296
1297
1301
1312
1296
1302
1297
1303
1299
1317
1290
1288
1294
1297
1303
1320
1304
1291
1290
1293
1297
1314
1305
1291
1301
1303
1283
1311
1298
1295
1302
1310
1284
1308
1297
1302
1293
1296
1286
1305
1299
1292
1296
1293
1292
1305
1302
1299
1301
1296
1287
1313
1292
1297
1294
1291
1287
1312
1294
1295
1288
1300
1285
1372
2325
1753
1302
1324
1305
1297
1302
1294
1304
1317
1298
1288
1299
1301
1307
1311
1292
1288
1292
1300
1300
1325
1296
1297
1300
1293
1295
1319
1283
1292
1290
1297
1298
1310
1298
1292
1294
1297
1298
1320
1298
1296
1290
1295
1296
1317
1296
1289
1292
1292
1294
1310
1288
1304
1296
1297
1293
1319
1293
1298
1289
1294
1298
1314
1292
1288
1295
1317
1300
1337
1294
1294
1292
1289
1306
1325
1305
1296
1296
1293
1292
1316
1289
1293
1295
1295
1298
1319
1293
1296
1293
1293
1295
1315
1290
1293
1295
1297
1282
1303
1292
1293
1295
1300
1297
1317
1302
1296
1292
1294
1292
1312
1312
1288
1296
1296
1295
1312
1295
1294
1295
1292
1295
1319
2474
1316
1303
1292
1239
2431
2429
1295
1332
2205
2310
1307
1305
1249
2424
2105
1308
1321
2465
2357
1314
1304
1086
2447
2064
1305
1295
1869
2474
1300
1307
1298
2270
2546
1306
1321
1487
2415
1805
1276
1190
2452
2141
1300
1307
1157
2331
1966
1311
1304
1915
2533
1328
1310
1112
2347
2004
1300
1317
1141
2337
1714
1300
1320
1464
2334
1391
1301
1316
1834
2539
1312
1304
1318
2108
2222
1313
1302
1184
2330
1941
1294
1304
1944
2375
1303
1299
1308
1990
2274
1308
1308
1164
2336
1723
1307
1303
1535
2407
1314
1313
1308
1194
2336
1678
1309
1312
1524
2422
1305
1296
1301
2018
2279
1308
1304
1221
2330
1737
1315
1309
1308
1313
1302
1297
1310
1295
1303
1297
1304
1297
1302
1302
1303
1302
1306
1304
1292
1296
1293
1303
1308
1303
1304
1295
1299
1303
1298
1295
1301
1301
1300
1299
1300
1293
1303
1295
1301
1293
1298
1299
1297
1298
1295
1295
1290
1291
1303
1290
1297
1303
1294
1301
1311
1298
1292
1301
1300
1297
1294
1293
1295
1299
1297
1302
1303
1291
1293
1291
1298
1295
1289
1291
1297
1294
1298
1298
1293
1297
1288
1294
1296
1298
1297
1295
1300
1305
1298
1296
1292
1305
1294
1305
1300
1292
1296
1294
1304
1292
1294
1295
1301
1295
1297
1291
1293
1299
1304
1294
1286
1294
1293
1298
1289
1288
1284
1292
1286
1289
1291
1289
1290
1286
1292
1279
1287
1292
1294
1289
1296
1291
1301
1289
1288
1295
1294
1290
1295
1292
1295
1293
1291
1292
1290
1289
1287
1286
1288
1292
1292
1299
1283
1287
1285
1286
1290
1290
1299
1297
1292
1298
1288
1294
1293
1291
1290
1287
1296
1297
1295
1288
1280
1286
1295
1286
1297
1295
1286
1282
1289
1295
1295
1302
1298
1292
1297
1290
1747
2314
1435
1300
1297
1294
1301
1294
1298
1296
1294
1295
1301
1299
1295
1297
1297
1295
1291
1307
1293
1291
1293
1290
1294
1290
1296
1290
1288
1297
1296
1290
1290
1298
1294
1291
1293
1288
1298
1291
1297
1289
1303
1299
1294
1294
1295
1293
1294
1297
1292
1293
1290
1288
1295
1290
1296
1288
1298
1288
1294
1291
1290
1288
1289
1293
1290
1300
1299
1292
1290
1293
1291
1298
1294
1295
1302
1290
1290
1295
1292
1295
1291
1285
1294
1293
1291
1299
1297
1295
1295
1298
1297
1291
1288
1302
1291
1294
1291
1298
1291
1301
1293
1292
1297
1295
1295
1290
1290
1294
1289
1285
1286
1292
1293
1284
1288
1281
1295
1295
1293
1290
1293
1286
1295
1294
1286
1295
1295
1292
1294
1291
1298
1298
1285
1292
1289
1299
1295
1297
1298
1285
1297
1300
1294
1284
1293
1295
1287
1294
1293
1293
1300
1293
1290
1292
1291
1290
1293
1288
1294
1294
1285
1283
1294
1292
1287
1289
1300
1291
1279
1294
1291
1294
1296
1293
1291
1288
1290
1293
1294
1291
1297
1290
1291
1287
1290
1298
1282
1292
1291
1292
1307
1297
1290
1296
1291
1291
1293
1299
1303
1294
1290
1295
1288
1294
1289
1289
1295
1293
1294
1289
1288
1287
1294
1293
1295
1294
1289
1293
1285
1290
1287
1299
1283
1290
1292
1282
1293
1290
1293
1291
1295
1294
1294
1288
1280
1289
1286
1293
1290
1287
1295
1288
1291
1291
1292
1293
1293
1296
1296
1293
1290
1294
1285
1291
1286
1294
1293
1290
1296
1287
1296
1292
1300
1283
1302
1291
